0,-0.86486,-0.42682,2.164,-1.8187,5,3.511,2.0572,2.5929
0,3,0.55091,2.0691,6.5195,1.6801,1.0762,3.694,-0.33831
0,0.55038,2.538,-2.2574,1.1285,2.961,-1.4328,2.899,0.84842
0,-3.1774,-2.0532,-0.84073,0.81913,2.0263,1.1044,-1.8399,-2.394
0,1.4985,1.9063,3.4926,2.5301,0.62936,-4.2825,7.9263,0.47786
0,3,1.1155,1.0498,-1.9484,4.5975,-2.3797,-3.4704,-0.048767
0,-2.0732,3.1706,1.027,-3.0549,-4.5609,-1.2909,0.24878,1.4718
0,0.70248,1.9518,5.0277,-3.0633,0.67335,2.6295,-1.5794,-2.0444
0,-0.43751,4.0545,-3,-2.5561,2.1824,-1.343,-3.0934,-0.94473
0,-1.8535,-1.2648,1.8794,1.3655,-3.9238,-1.6367,-4.1005,-2.3782
0,1.3981,-2.8994,0.022766,2.5502,5,-2.8502,-2.2984,-1.7884
0,3,-0.21616,-3,-1.4917,-3.0099,6,1.6908,1.1198
0,3,6.796,-3,2.0859,1.1153,1.2857,5.6603,0.6632
0,0.68106,1.9569,-1.0416,0.31209,-4.7844,-1.9048,-4.6581,-1.9506
0,0.94897,-2.9653,-3,-1.2672,0.081973,1.6217,2.2136,2.1701
0,-3.6848,2.3313,-3,-2.2777,-4.0332,0.25372,-5.7823,2.7846
0,-3.6267,2.3213,-3,-5,-1.8628,1.622,-8.991,-3.0141
0,3,-1.6603,4.6477,-0.22325,2.6145,0.59843,0.14715,0.71204
0,0.86419,-3.2422,-0.29184,-0.73389,-2.4189,2.4868,-0.78486,-0.049274
0,-2.5861,-6,-3,0.56184,-3.9967,3.2939,-1.7374,4.9516
0,-2.8742,-4.0324,5.3639,3.8973,4.9242,-2.8137,1.8902,1.6659
0,-3.6422,-2.5666,2.3993,2.459,0.13418,-2.4329,-2.517,-4.0476
0,-1.1799,-1.1593,-1.9033,-3.4377,-1.1457,-0.18106,1.2827,-0.09231
0,-3.5207,0.78462,3.5373,0.31491,-1.4238,6,-2.2887,3.55
0,3,-1.0429,0.97275,5.5366,-4.2246,1.8145,-0.54749,1.2059
0,3,0.45958,-3,-2.3264,0.64454,-0.261,2.5828,0.34225
0,2.758,-1.6236,-3,0.74588,-0.12938,-2.3351,2.276,-4.298
0,-4,1.4261,0.061165,2.9074,-1.9741,-6.43,1.4113,2.6196
0,-3.6259,-1.298,-3,-3.6939,-1.6246,3.174,0.40944,0.25265
0,3,1.9503,0.32891,-2.4751,2.6183,1.3894,3.0499,-3.6623
0,-0.27544,-0.56888,-0.61693,-0.56307,5,-5.2085,-4.3003,0.33938
0,-4,4.5207,2.4759,-2.7383,3.2026,2.4705,-0.99401,5.1109
0,1.8288,-1.1406,-0.66717,0.73903,-0.42882,0.12164,0.12602,-0.94844
0,-0.15978,-1.9602,0.62328,-1.4837,4.2336,1.5392,7.2041,1.2827
0,3,5.1071,2.4607,0.18519,-3.0106,1.3896,1.1374,-3.391
0,-4,-3.821,-0.74146,-3.0604,1.7743,-3.2985,3.5547,-1.7681
0,2.0195,-2.2514,2.9793,1.8098,4.8502,-1.3108,1.9171,-4.0936
0,-0.18947,-2.7471,-3,-5,-0.72615,2.4242,2.6159,-3.2724
0,-4,-5.1657,0.26557,-0.18703,-0.47717,-1.0451,0.38528,0.70105
0,2.4843,1.7245,-2.3624,-0.11377,-3.9568,-2.8891,1.8205,3.6353
0,1.8655,-3.165,1.3985,4.2342,3.9274,3.3281,-1.6526,-1.8618
0,2.0796,-6,-0.084411,-2.5929,2.945,-1.6942,-2.5536,-5.0791
0,-2.601,-1.5127,-2.4398,-1.3661,-1.22,-1.5586,-4.0127,-0.64839
0,3,4.7987,4.3658,2.1653,0.091403,0.12726,-2.8011,7.2954
0,-1.4264,1.2514,-0.33017,-2.4043,4.593,1.6567,5.0713,3.0513
0,1.8435,-1.9896,5.7021,-3.1421,-7,-0.59273,0.0041166,-7.5101
0,3,0.094744,-3,-5,-0.7079,2.4793,4.2661,3.1361
0,3,-3.4308,-0.86227,2.2172,2.5179,-6.875,-4.5984,4.6517
0,-2.7613,3.7387,3.2521,-5,2.5844,2.0377,-3.3894,0.49512
0,-1.0727,-4.5397,-0.33327,3.1889,1.1159,2.5119,2.5625,-3.5189
0,-2.388,-3.7436,-1.1059,0.53731,-2.2699,-4.798,6.9539,0.71158
0,-2.2294,1.9308,-0.86599,0.21258,-1.9437,3.2891,3.7541,2.6748
0,3,5.8854,5.1333,-3.6261,2.0236,0.88819,0.038037,1.72
0,0.62246,1.5657,-0.35571,-4.969,4.7314,-0.80298,-1.015,0.51987
0,0.27382,5.4413,0.19942,1.4794,-2.6065,-6.4478,4.7155,1.8631
0,-3.4134,0.89307,3.6444,-1.6318,5,-4.1642,2.652,2.6222
0,-2.153,2.0746,-3,0.13496,0.43013,-2.6703,-0.75593,0.043634
0,1.4614,2.0081,1.1719,-2.8694,-3.2554,-2.7067,1.2166,-2.6547
0,-0.66305,0.17244,-2.9283,-1.2332,-0.15952,0.11399,-1.2831,4.2426
0,-3.4762,-2.6995,-1.6044,-4.8695,3.5785,-5.8777,2.8601,-2.695
0,-4,-0.19057,4.2714,2.0288,-5.1798,-3.1966,-4.1641,-2.4784
0,2.3822,0.73305,-3,-5,-3.9708,3.2938,2.3884,7.9114
0,-4,-2.3891,5.1543,-4.7005,0.59605,4.7072,2.4703,-1.0145
0,1.982,-2.63,-3,-0.55651,4.3507,-0.81651,2.3675,-2.7198
0,-1.6301,2.0373,5.5619,-3.1185,0.3553,1.3695,-1.0026,-1.125
0,-3.4364,-0.28167,-3,4.0894,-3.0134,-1.1708,-2.6649,-1.1802
0,-1.5141,-0.39303,-1.9867,1.1377,-1.9354,6,4.8676,-1.6584
0,-3.5317,-3.0584,-1.5564,1.0585,-0.45691,0.62455,-1.2785,-1.7627
0,2.2783,-0.59803,1.8348,1.6046,1.6387,-0.6189,-3.0638,-0.14875
0,3,-1.3839,4.6227,0.17108,4.6684,-4.3976,-3.6965,4.1129
0,-3.3596,-1.7783,-3,-4.3065,-3.1223,-5.7541,-4.3118,-1.0089
0,3,3.0982,-1.5702,-3.8552,-2.0561,2.7753,1.9351,3.4617
0,-1.8792,3.2491,-0.74926,-0.043888,-6.2695,3.7313,0.046478,-3.3661
0,0.86002,-6,-1.8183,7,-2.6999,2.275,-2.3919,1.8717
0,-0.57515,0.13251,-2.8487,-0.29885,-0.67698,1.054,-1.2098,-0.22788
0,3,2.6769,-0.79997,2.1452,3.5721,0.56016,7.196,-5.5627
0,3,-0.65983,3.3431,2.196,-1.4459,-2.5243,-4.9356,-3.9441
0,2.8053,-1.3794,0.39794,0.63438,-0.62941,3.3232,-1.3502,1.3323
0,-1.4965,-4.1718,-2.8039,1.7324,2.4711,-1.1917,-1.2745,4.1309
0,2.1579,-2.9039,-2.1752,0.18348,2.2096,5.0628,2.4387,6.0635
0,3,-1.6023,2.6068,-5,-0.30194,0.92389,-7.2218,-2.4572
0,2.282,-6,-0.1753,3.068,-4.0927,-3.8029,-2.0367,-0.089158
0,0.66837,2.6584,1.3491,-0.84576,1.6504,-5.8781,-3.8882,-1.9863
0,1.3634,-1.1779,-2.4596,0.91802,5,0.10217,-0.62892,2.6221
0,3,3.9133,0.046666,5.0302,-3.6198,3.6189,7.1764,1.5259
0,0.29885,-0.56293,0.85023,-4.7872,-5.9319,1.6515,-1.5376,-3.2703
0,3,-1.582,1.8316,1.3617,-4.0104,-4.7775,-1.0714,0.0049739
0,-0.049612,0.15887,1.0462,-2.9083,-2.3362,2.9363,-8.3391,-2.1622
0,3,-0.50324,-0.44977,-1.6421,2.5374,0.15473,4.4594,-0.96273
0,-4,2.6475,-0.52442,0.21927,1.5306,-3.6855,2.9913,1.6477
0,-0.28411,-3.239,0.84759,-1.2538,-3.913,-2.4653,2.6875,2.0597
0,3,-3.9054,-3,1.4927,-0.83886,-0.53938,-1.291,-1.3841
0,2.6254,0.082031,4.379,2.8612,-0.1937,4.0496,1.564,-1.6593
0,-1.1359,-0.64362,0.18843,1.2225,1.7649,-4.2322,-3.0494,-2.8052
0,-0.77885,2.5049,-3,-3.0857,0.75828,-5.2512,1.4505,0.48741
0,-4,1.3818,-3,0.54463,1.1765,-1.1406,1.6148,-3.8709
0,0.25536,0.4043,-3,-0.52822,-2.5515,-5.3139,1.1876,-3.355
0,3,2.9763,-3,-5,1.7985,5.458,-2.3217,1.9447
0,1.537,-2.1007,-1.7731,-0.26256,-2.9311,0.76666,3.8594,1.6251
0,-4,-3.8806,-0.19216,0.7676,-1.6914,0.51602,-0.69529,3.0343
0,2.8352,-2.8571,-0.91057,-2.7984,2.6329,0.7425,2.1639,0.58794
0,-0.99448,-6,0.63788,3.2537,0.80376,1.3403,2.32,1.7922
0,-1.1386,-2.6845,-0.078297,1.8703,5,1.2606,1.775,-1.318
0,3,0.45496,-3,-3.2117,-0.050529,0.95448,-1.8273,-4.1283
0,3,-2.8909,4.9201,0.015663,0.21709,2.2358,-0.62158,1.5165
0,3,1.2517,0.065,0.15035,5,2.0264,0.69841,-3.4183
0,2.5794,-0.59192,-0.21953,2.4875,2.6021,-2.5812,-2.6688,0.63467
0,3,-3.0489,-0.70437,-0.98875,-0.021372,1.2028,1.1967,6.2142
0,1.4947,0.3135,5.6275,-0.042774,5,0.18531,0.41132,-4.7988
0,0.78111,-6,5.4217,6.4177,4.4192,0.53674,10,3.5779
0,3,-1.9033,1.9397,0.049715,-0.7565,6,0.48219,0.62362
0,-0.88312,4.9123,2.9993,1.7648,0.0033043,0.54589,0.37016,1.557
0,0.106,-1.5973,-3,-0.79603,0.27845,1.1199,0.86489,1.6733
0,2.9608,-6,2.0009,-5,3.2114,-4.2494,6.5311,4.3339
0,3,-0.94139,1.3805,1.2348,2.7567,2.3574,1.2474,-5.4186
0,-4,-6,-1.4843,-0.10104,-0.11639,-2.4664,-1.2133,-1.385
0,-0.74682,-0.63881,0.13183,-1.4726,0.14909,4.6908,-6.2407,1.3911
0,3,4.5413,1.4353,3.4211,1.1473,-4.3523,-3.0602,-6.9691
0,2.5239,1.8498,0.36566,3.84,1.2397,3.8467,1.6361,2.6024
0,1.3526,2.7065,2.9468,3.1811,-7,0.49596,2.9554,-2.4298
0,-1.1859,-1.2695,2.8401,-2.3228,4.1622,0.45712,-1.7058,-3.0573
0,-1.9833,-2.229,-2.1406,-0.073867,1.5782,-0.53477,-1.1665,2.0369
0,-1.3428,-2.061,0.64298,0.010826,-1.668,2.3049,3.7697,4.2103
0,3,3.3912,4.7697,-2.8822,2.7317,3.7008,0.65662,3.1058
0,3,-2.9536,3.8646,1.1367,-0.90552,2.3805,-0.14368,-2.4881
0,3,-6,-2.0458,-0.46165,4.1739,-0.17332,-2.0087,-2.3772
0,2.792,-4.0544,-0.5139,0.81547,5,-1.4769,0.34491,4.3786
0,2.8919,-2.2964,2.2383,2.4539,3.6186,0.75172,1.4697,-1.9921
0,-4,-1.8162,2.4678,2.049,1.9858,4.4766,1.3834,0.38579
0,-3.6491,-2.2139,1.7447,-5,2.0645,3.508,-2.9433,-0.82192
0,3,-3.088,0.20781,0.040314,-1.7662,5.8164,3.7657,3.9349
0,-4,-6,-1.2728,2.1447,-3.3173,6,-5.5639,1.9445
0,1.2143,0.33953,-0.35582,3.9867,1.4938,-1.0611,3.3303,3.9144
0,-4,-3.7501,-0.98912,-4.193,3.0133,1.7448,-2.7894,-1.2843
0,-2.737,-4.1428,-1.0588,0.23907,0.60088,0.31811,1.7572,1.1053
0,-2.0561,-5.164,5.7076,-1.2457,-1.5768,0.28877,-0.49579,0.99564
0,0.703,2.9897,-3,4.0656,-2.4738,-2.3365,-6.62,1.4371
0,3,2.3276,0.14156,0.63151,5,1.2026,1.713,1.3385
0,-2.2578,0.76011,3.805,-5,1.7066,-6.6875,-1.5259,-8.0993
0,-2.1475,-3.5541,-2.3674,-3.5935,0.10195,-0.53274,-1.9557,3.9081
0,3,1.3199,0.69503,-1.0901,0.60606,0.62769,1.1041,-0.34077
0,-2.8504,-2.7101,3.7895,-4.7946,5,6,2.267,1.065
0,1.0002,3.5009,-3,-2.9292,1.4113,-2.7202,0.26061,-3.6798
0,3,-6,-3,2.504,-0.56059,1.094,0.27645,3.1035
0,-0.95877,-0.35528,-1.483,-1.5477,-2.487,-2.2138,0.37538,-5.6884
0,-2.2727,1.709,-0.77965,2.8862,4.7639,4.6886,-2.2794,-6.0949
0,-1.0654,-1.7903,-0.25908,1.88,-0.55351,-1.5788,-0.30248,-3.2896
0,-4,-5.0292,-0.28309,0.36525,5,-9.4597,1.3118,-3.9235
0,3,3.1245,-0.2038,-1.3987,0.79612,-0.33074,-5.7309,6.9867
0,-1.6279,-3.3189,-1.1956,0.51846,-4.0444,-1.3081,6.224,0.17344
0,1.5673,-1.9871,-3,-1.6624,-0.12746,0.1951,2.9246,-4.5151
0,-2.8395,-3.6967,1.1533,2.4518,4.0234,1.5206,-3.7858,4.1159
0,0.32847,2.9229,2.2652,2.3983,0.85575,-4.151,0.33711,0.69974
0,3,-2.1747,-1.8427,-5,-5.1797,-4.751,-1.7698,4.5894
0,-4,1.9043,-0.61385,-2.0916,-2.9444,-3.4337,-1.0935,1.5561
0,2.7146,-6,3.3029,2.1337,-0.64323,-2.8332,1.5937,-0.86322
0,-0.71198,-0.73029,-3,0.65992,1.634,0.86187,-3.5692,-0.69017
0,-0.97779,6.7172,5.5535,-5,3.7834,0.76388,-0.047732,5.5478
0,3,-2.4193,2.3391,-5,-1.8505,-2.4383,-0.10072,-4.2685
0,-1.434,1.1574,7,-1.2712,-0.48475,3.4962,-3.7544,2.6846
0,-2.5031,-6,0.95819,0.74321,3.7819,-1.0234,-2.4325,-0.88548
0,2.1813,-0.8752,-0.1087,-0.64477,2.7377,-3.2997,-1.7835,5.0905
0,3,-6,2.6971,-5,1.3225,-2.286,4.8577,1.631
0,3,-2.7243,-0.94197,0.882,-7,-3.4663,-1.4415,-1.602
0,3,-2.0467,-1.4079,3.7385,2.7422,-4.0664,4.2909,-3.4015
0,0.67971,1.4187,3.7379,2.4281,5,2.953,-1.6434,-2.4029
0,-3.5507,-1.4458,-0.072415,-5,2.4383,-1.7118,-3.966,0.44477
0,-1.0464,-0.61741,0.80538,-5,0.11397,0.67737,-1.2759,1.3484
0,2.2916,2.7573,5.5704,1.3726,2.9256,-2.2126,-2.7147,0.67962
0,-0.2947,-0.46042,4.5468,-4.2594,3.0669,0.41022,3.1502,3.2272
0,0.85506,-1.5165,-1.729,-3.5407,5,-3.4696,-1.9167,1.4476
0,3,-2.6764,0.91827,-3.3326,-4.2796,2.1538,-2.393,-4.0853
0,-1.5492,-3.2951,1.5777,-2.4969,2.236,2.3722,4.2807,-0.29569
0,-1.5722,-3.5304,3.0139,-2.4923,-6.438,-1.4326,-3.2187,-9.3507
0,0.73907,0.91567,-2.1231,6.8486,-6.1716,-3.8208,2.6768,-5.2885
0,0.41042,-0.13735,1.1891,-4.2295,3.5203,-4.2296,0.69597,0.83744
0,1.6483,-6,2.4501,-1.091,-2.9869,-4.9444,-6.3847,1.8315
0,3,5.0472,-0.71632,-1.2966,1.791,-3.6152,1.4523,-3.8108
0,-1.361,-1.4575,2.4463,-2.215,-5.8716,-0.064263,-5.7827,-6.8475
0,0.097042,-1.3168,0.43601,-0.62048,1.1197,1.1831,-1.7523,-0.38124
0,-2.3102,-4.883,2.6392,-3.3181,0.92791,-2.6465,3.8953,-3.4323
0,-3.186,-0.81266,-3,-1.4136,5,-2.7052,-3.3826,1.9692
0,-2.398,-0.53086,-1.3391,1.226,2.0363,-0.70535,0.44041,1.6225
0,-0.55316,0.91409,2.8086,-2.6773,2.323,-2.2659,2.6051,0.50021
0,3,-0.35411,2.9188,-2.8357,2.9626,-0.27787,8.2657,-2.7099
0,2.6311,3.7405,1.6578,-3.5073,3.3191,3.9877,4.0737,0.54028
0,0.32836,-0.55561,1.0785,0.62268,3.8252,6,2.375,5.106
0,1.4451,-1.475,-1.1341,-2.3386,2.2954,-1.7458,-1.0677,-7.3331
0,0.90192,-1.6638,0.34109,-2.8071,-0.82091,-4.5835,-3.4246,-3.7925
0,-2.5814,-4.5859,-1.9248,1.0504,-0.43592,-0.95741,2.0176,-0.1029
0,2.2733,-1.2951,0.4358,-5,1.8292,0.4755,0.39044,3.188
0,0.1091,-1.5441,4.1537,-0.41063,-1.2228,-1.5706,-0.56075,-0.776
0,3,2.8798,1.2269,2.5332,-3.9192,-0.21409,-3.8522,3.9025
0,3,-1.0605,-2.8883,0.38933,1.1953,2.7683,5.4352,4.3432
0,3,4.055,0.48867,-5,-1.4327,6,-1.7189,-0.28364
0,2.6109,-3.0441,1.6939,-5,-2.3101,0.41015,3.6484,-5.0083
0,2.5279,-1.7526,-1.2623,3.3125,5,-3.4534,-1.3799,2.4765
0,-4,-0.11858,-2.6782,0.2134,-5.0972,1.1074,-1.6595,-2.4424
0,-4,1.9185,-1.3886,-1.8217,1.95,-1.8222,-2.5674,-4.4309
0,-0.53413,0.014353,3.386,3.728,-0.085811,0.5184,-3.0156,2.1948
0,-4,5.2845,7,-4.6998,1.9123,1.5921,1.6407,-2.0338
0,-3.2642,-5.4886,2.6475,-5,1.0349,1.5011,-2.7288,-1.6098
0,1.5194,-0.51924,2.1649,2.8592,0.4697,2.046,-2.8707,-0.77933
0,-1.8163,-0.82159,-1.317,-1.2562,3.842,-1.1344,0.75638,3.2741
0,1.4206,1.1414,-3,-2.8169,-0.55992,-0.66101,0.64549,-3.4924
0,0.44792,-1.5024,-3,-2.2393,5,0.5878,-3.809,-1.9371
0,0.096469,4.8441,-3,3.7954,1.0555,-6.2307,-2.8121,2.1981
0,3,3.6595,0.94471,-2.0044,3.0385,-1.9604,-3.76,-0.91388
0,-4,1.3595,-0.66663,-4.5304,2.1524,-0.078079,2.1001,-1.0421
0,3,0.86231,-0.48924,0.3842,1.05,-0.37238,0.9615,-2.0265
0,2.5714,-0.61984,-1.739,-2.1003,3.3484,2.7201,-1.9675,6.177
0,1.6599,-4.4646,-3,-2.4908,-1.0883,2.0332,-3.2171,1.7742
0,-1.7847,2.6379,4.4323,-5,-2.4912,0.18313,-1.9559,-3.4258
0,-3.682,-4.7919,-2.2151,0.45734,5,-3.5929,-0.082796,4.2665
0,0.61904,-6,6.5241,1.3499,-2.125,-4.6095,-0.7275,-0.45182
0,1.5006,5.2272,-1.6131,-1.2732,-6.2193,0.78588,1.5739,-0.68791
0,0.094002,0.36595,3.6434,-0.56102,5,-2.8825,-1.6952,0.53286
0,3,6.1728,-3,-0.41976,-7,-1.8904,-0.599,8.7944
0,-2.6378,-1.9345,6.351,1.4041,1.5393,6,3.2169,1.882
0,-3.4842,-3.3488,-0.76409,0.17325,0.73233,2.8168,1.7579,3.0548
0,-2.1778,5.2925,-2.7851,-5,-6.1669,1.362,1.2884,-0.4763
0,-1.1325,2.6495,-0.1708,-3.2877,0.46869,1.6454,6.7839,-5.5187
0,1.1012,-1.483,0.78313,0.90302,-1.1018,-0.96602,2.0821,1.2083
0,-4,1.3099,3.2164,0.089757,0.86486,1.0287,-7.6142,0.13221
0,0.42705,0.81226,-3,0.252,-2.7524,-0.50452,-3.4851,-4.9888
0,0.74939,0.17568,0.77335,-0.28869,4.8302,-2.5286,-1.9805,5.3884
0,-0.88933,-0.14644,3.1207,3.9953,-0.099953,-0.1018,-1.0446,1.2373
0,-2.435,-1.9824,-0.45279,-2.9248,-3.9918,1.631,0.019962,-1.804
0,-2.6005,-4.4735,-3,-3.3927,2.3131,1.4162,1.9617,-3.7784
0,-2.947,1.5941,3.8208,-0.86455,-2.9473,-2.9496,-2.5772,0.97941
0,2.9946,-0.014506,-0.98085,-2.2954,0.0062672,-2.3035,3.6859,-2.1028
0,3,-6,7,-4.6398,-0.22106,2.875,-1.1499,-7.0378
0,3,-6,-3,0.19451,3.5707,1.2403,1.1434,-8.034
0,0.17059,-4.5806,-2.4499,-1.9157,2.5973,-5.1541,-2.6545,-0.089363
0,2.7825,-6,2.8144,1.241,3.9414,3.7469,1.1173,-4.1465
0,2.1265,-2.4273,-0.41552,-1.9843,-1.369,-0.39508,-1.3613,0.080318
0,-2.3149,-4.3944,1.27,3.5142,2.9709,-5.2512,1.6982,-2.1583
0,3,4.0585,0.98266,-4.1015,-0.44576,1.7322,-3.9635,2.9397
0,3,-1.196,0.56257,3.6265,-1.9417,0.015332,2.1863,-8.1087
0,-0.24114,0.11654,7,-0.78985,-3.8329,0.37131,3.2264,4.1201
0,-0.15735,1.7185,-0.89693,-0.11549,-5.0012,5.1933,1.4965,2.2589
0,0.14921,-5.5774,-2.0235,4.7593,1.9664,-1.6351,-0.48062,3.1572
0,-3.4875,0.64061,-2.7258,-4.8808,-2.7426,-2.368,2.569,-5.2958
0,2.9069,-1.5344,5.63,4.0618,0.0087759,0.38433,2.8754,-0.70144
0,3,-6,3.2697,2.0173,-1.7215,0.23606,-2.1039,4.3059
0,-0.8862,2.5637,-0.30071,-0.93731,1.3237,3.626,3.5002,0.093942
0,0.629,4.1492,-3,-1.2043,0.94941,-0.54382,1.8614,2.9184
0,-2.3304,0.58686,4.2632,-3.2885,0.98058,4.8862,-1.9773,1.8039
0,-3.4411,-2.8059,-3,0.95991,-0.12895,-1.756,3.6988,3.2848
0,3,2.9124,2.6129,-1.8752,5,-0.57789,-1.2285,2.9757
0,3,3.3825,-2.6179,-5,5,-0.51118,1.2626,-2.509
0,3,-0.99857,-1.5668,-3.2244,-1.7277,1.2371,-0.82082,1.5225
0,-4,-3.3365,-0.013647,0.016898,-2.7044,0.14744,-4.1754,-2.0471
0,0.073149,1.2367,1.466,-0.22292,3.3473,-0.6517,-2.2441,-2.1619
0,-1.1185,1.5647,4.7069,-2.0641,2.6109,4.4114,-1.4179,0.30189
0,-0.80564,7.2061,-3,-5,3.0624,3.7356,3.1321,-2.1881
0,-1.1097,1.6826,2.1481,-4.6077,-2.807,0.72218,-1.3906,4.709
0,0.18687,-3.1005,0.97383,3.6436,0.91759,5.6309,-3.0416,-1.1469
0,-0.18761,1.2851,2.653,-2.1811,2.0975,-2.3765,2.1914,3.3354
0,-0.21724,-0.21204,3.2453,-2.2852,-0.65299,-4.2948,-2.5812,2.7969
0,0.23402,-3.2013,2.4165,0.51487,3.3038,-2.7248,-2.4498,-2.1378
0,3,-0.46637,-2.2027,1.0885,-0.4138,-3.253,-0.56244,-3.1857
0,0.99586,5.7864,0.0024508,1.499,-1.442,3.842,4.2352,-0.9941
0,1.2026,-1.3578,3.5121,-4.2754,-5.3813,-5.1804,-5.8279,-6.0779
0,-2.9605,-0.68108,4.3285,-1.3129,-2.2507,-0.94772,7.5059,1.9043
0,0.28698,-3.7245,4.3671,-3.2811,5,1.9695,-1.3738,-0.74578
0,-0.52576,1.8675,-1.5032,2.0496,1.6606,3.2847,0.95684,3.2185
0,-1.4177,-6,5.0244,-5,1.877,0.0058608,3.4929,-2.6738
0,0.97668,0.17315,-3,1.1212,-2.2774,-1.9252,3.5943,-2.2343
0,-3.6161,-6,-1.0974,4.6636,-4.6121,-3.4658,-2.5995,-5.2038
0,0.26961,-0.1456,-0.58578,0.28067,-3.6594,2.4697,0.14347,-3.3955
0,-3.3262,-1.3639,2.3057,-4.5473,-1.1666,-6.7038,2.6207,2.2425
0,1.8696,-1.3092,-3,-3.8431,0.072831,-7.5616,-3.3469,1.5296
0,0.51866,-4.3151,3.6987,-1.4858,3.6646,-3.5764,-2.3427,2.74
0,-4,1.3055,-1.2935,4.2159,3.5726,5.5691,-6.6688,0.2608
0,-0.77035,3.373,2.3189,-2.0366,0.13824,-1.5019,0.032477,-2.9979
0,1.6786,-4.2714,-2.2286,4.4494,1.2405,-1.2242,0.96523,1.5907
0,-2.9621,-0.99738,-3,-3.1681,0.24736,-2.1106,-2.7451,-8.3013
0,3,2.2046,4.0723,4.6111,3.7439,-3.3566,-3.4028,7.1131
0,0.48835,-5.8195,-2.4965,1.2626,2.9241,2.5063,6.3389,0.47647
0,-3.0628,-2.9921,2.8473,-3.2267,3.9826,-0.22237,0.87127,-2.4004
0,-0.54138,-1.7139,-2.096,-1.6692,-3.1212,1.211,-1.9905,-1.8266
0,-0.42642,-4.6717,-0.025896,-3.8702,0.081925,0.95307,-1.0963,-0.39873
0,0.32805,1.7929,1.6671,-3.3809,-1.3362,-0.24057,2.6904,-1.7389
0,0.17825,-2.8316,-1.4547,-2.9749,0.19094,-0.9006,1.4222,-2.6523
0,2.3285,-1.9669,-2.9685,-2.4716,5,-2.6793,2.1416,-0.31412
0,3,-1.2324,0.2679,5.3932,1.1279,-0.049123,1.5798,0.80363
0,-1.4571,-2.9172,-3,0.26511,4.375,-4.3551,-3.193,-3.0449
0,-1.4242,-1.9224,1.0376,0.294,3.4156,3.3577,-2.7721,-1.5836
0,3,-1.0425,-1.6875,-2.7458,5,-0.75981,-2.5411,0.5317
0,3,-1.0894,2.0249,-4.3377,0.72451,3.1541,-5.5635,5.7209
0,-1.1311,-1.4631,-3,0.79261,4.5408,-3.1031,-2.184,1.8501
0,-2.3849,-6,2.6626,0.33781,-3.0499,-4.5656,0.76704,-0.66495
0,3,-6,-1.1064,1.7301,1.6852,2.2259,4.026,-3.2652
0,3,-5.9552,5.4247,-3.9745,2.9432,-1.3017,-0.37327,-2.5031
0,-2.5101,-2.9891,1.5226,-2.7629,-2.1381,1.2327,1.7806,-2.124
0,2.9262,-2.0884,5.6243,-1.1983,-0.48182,-4.8109,3.363,0.41114
0,3,1.8455,4.4835,-2.3152,-2.2038,-0.7484,-2.526,2.0807
0,-0.10801,1.2505,-0.87336,-2.0749,-3.0605,1.2212,-0.9486,-0.86311
0,3,3.5239,-1.399,4.2119,3.0389,-0.58114,-6.4075,5.5937
0,2.0162,-0.88671,6.1113,4.5347,1.3065,1.8485,2.83,1.3979
0,-0.45443,-3.4857,4.3556,6.1496,5,-2.2456,0.68852,0.096158
0,1.2273,-0.46698,-0.12533,2.496,-3.2248,-2.5472,3.401,-1.4235
0,-1.3459,-4.3815,5.5979,4.704,-1.4733,-0.4923,-0.24778,0.81581
0,-4,1.3648,3.1863,-2.655,0.49954,2.9118,1.6982,4.6146
0,3,0.72558,0.1705,-3.2298,-1.9578,0.56998,2.5145,2.6557
0,-4,-4.1181,1.4619,0.53239,-0.092244,4.8121,-2.3645,2.7973
0,2.2322,3.357,0.63911,-2.6779,2.488,2.0754,-2.0114,3.3199
0,0.33365,-4.556,-3,1.0597,2.953,-2.6728,2.432,-1.285
0,-4,-2.3214,3.4459,-1.4062,1.3771,4.1326,5.1642,-4.2572
0,-1.4253,2.9445,3.7477,0.99739,-3.6453,5.0717,0.25201,-4.3811
0,-2.4338,-0.79146,4.2214,-4.095,-2.3216,-1.4764,-2.7364,-0.37016
0,3,3.0791,-3,0.37337,-6.2886,6,-7.2431,3.8659
0,0.4049,1.2846,4.2799,2.4143,-2.1258,0.28702,-1.1686,3.1872
0,0.10367,-2.5756,-3,4.237,-3.829,-1.5384,2.5447,1.3857
0,-1.6471,-1.9032,2.6531,-1.9758,0.83313,4.1824,-0.89371,-3.0015
0,0.27904,1.9179,4.602,2.0637,1.5621,-3.1969,-3.3867,4.9543
0,1.9353,0.77569,0.17104,-3.8334,4.838,3.6729,5.0517,3.4546
0,3,3.7695,0.21447,-3.4508,-2.5316,-0.66003,-2.7672,3.769
0,-0.80613,0.17667,2.7732,1.2325,-0.66174,2.9109,-8.1989,3.8202
0,1.5235,-6,-1.1567,-1.5651,2.1504,-5.1003,-2.2491,2.6066
0,1.8982,-3.9681,2.6842,4.874,3.3243,-1.8521,8.39,0.9258
0,-1.9046,-2.9751,2.0727,-1.277,-2.6592,1.7508,1.5656,5.0953
0,2.7839,-4.2991,0.8404,-5,1.0002,-2.7779,2.7821,-2.44
0,-4,-1.76,6.6518,0.0062775,-2.3512,0.4818,0.7936,-0.36048
0,3,-1.3225,2.7632,1.434,5,-7.1094,-2.4773,-0.51669
0,-2.1139,-0.0093821,3.1762,-0.26354,4.1333,4.1079,2.6964,-0.4631
0,-1.3051,2.0018,4.5779,-1.3596,2.0905,0.53922,0.884,-3.1213
0,-1.3273,4.289,1.7993,-2.2587,5,-1.408,0.58883,-5.9288
0,-3.2899,-0.63656,-0.68802,0.63416,3.1687,6,-2.9643,-2.1021
0,-2.9775,1.2907,-3,-4.8201,0.26609,-1.5109,1.1629,2.7198
0,1.0679,-4.7047,0.75265,-2.5664,5,0.40129,-2.7939,2.2155
0,-2.1635,-1.0013,1.0255,-0.62592,4.417,0.1825,5.9438,-1.2636
0,-0.17448,0.5327,-2.6162,-4.0639,1.8329,2.6196,0.94015,-0.97367
0,3,-3.4565,1.1994,-0.44771,-4.7094,4.6181,-2.9703,-2.2794
0,-2.1762,1.6153,1.4261,2.3421,2.295,-4.6455,-7.9465,3.1766
0,3,-0.91966,3.3022,-2.5051,2.5132,-4.114,-2.9067,-2.1954
0,-4,1.1029,3.3871,2.8041,2.748,-1.7278,0.29493,0.11576
0,-1.961,-4.1442,-1.3535,0.41511,2.0116,0.59845,2.3174,2.3012
0,-4,-3.1586,0.83378,-3.6236,4.8978,6,7.2961,2.1558
0,3,-3.3337,-3,-4.8795,-5.6011,3.7831,3.3955,-0.1455
0,3,-4.4452,-2.2196,4.1905,2.1069,-0.50958,-3.786,-2.3626
0,3,-0.34134,-0.84765,1.4086,5,1.7214,-0.62813,3.5192
0,-1.9458,0.26727,3.4853,-1.2581,1.752,-3.0124,1.3998,4.516
0,1.0641,-4.8858,-2.6656,-5,1.5893,-1.9964,-1.1857,-4.028
0,-0.58822,-2.6852,0.036012,1.3712,0.18842,-1.1324,-2.4064,5.5274
0,1.1658,-5.7556,3.4534,-5,1.71,-1.058,0.54136,-0.70557
0,-1.047,-6,0.79566,-2.1733,-0.48732,1.0386,2.1984,1.5164
0,-0.85017,1.8067,-3,-2.8915,0.63366,-3.874,-1.514,-4.8066
0,-0.77431,2.8775,7,-1.4276,1.6507,-8.4157,-1.0491,5.8585
0,-4,0.19368,1.6478,-1.7458,3.4044,0.66941,-2.0928,-5.94
0,-0.58396,3.3311,-2.5778,1.774,-2.5598,3.4338,2.018,8.2452
0,1.7645,1.0891,1.0379,-3.5361,-0.91978,1.6685,7.0597,-0.076689
0,3,0.99629,1.3369,-1.4958,1.1936,-2.8748,-1.5757,-5.8766
0,2.0702,0.062294,-1.6705,-1.622,0.33652,3.4503,2.1105,-2.7103
0,3,-3.9476,-3,-5,0.87603,4.0643,-3.7384,-0.49466
0,3,-0.28687,5.5665,-4.3976,0.73741,-3.3683,-0.83844,2.1096
0,-3.25,0.40882,1.0336,-0.92016,-0.62585,-5.043,-3.3178,3.8065
0,-1.12,-2.4204,5.5407,4.7397,-4.6137,-3.815,0.22611,-7.8986
0,-0.35228,-1.3653,5.6458,-1.3177,-6.4768,-1.8217,-3.443,-7.2113
0,0.3443,-0.78999,0.22496,1.2173,-0.34678,1.7489,3.4079,1.5977
0,2.3689,1.4082,3.1524,-3.4538,4.7427,1.2959,-4.5569,-0.014381
0,-0.35028,-1.6973,-3,2.3219,1.5136,6,4.881,-0.6092
0,-1.3729,-3.1232,1.1798,0.70937,-2.0097,-3.8823,3.347,-2.7519
0,1.6219,-0.20892,0.1873,-1.5483,-2.9643,3.9927,-2.4683,2.5628
0,-0.13326,1.5574,0.93133,1.414,-3.3205,-2.361,0.88001,2.8846
0,3,-3.7026,3.1251,6.1345,-3.3896,-0.85402,-0.66463,-5.4566
0,3,-0.86822,4.1874,-4.2684,-1.9609,-2.3331,1.7289,-3.501
0,3,-3.2141,5.4433,4.3797,-3.8221,1.7297,-0.7605,-1.2688
0,-0.61249,1.2241,1.4344,-0.94132,-4.2883,0.91822,-0.2805,-1.9086
0,0.2454,-2.6291,0.75702,-3.6666,-2.4852,-3.4964,0.66125,-2.0268
0,-4,-6,1.8523,3.4143,2.0964,-4.6633,2.3936,4.2298
0,-1.6804,0.063105,-3,0.55495,2.4749,-0.5045,-2.5664,2.094
0,0.519,0.55214,-3,-5,-0.17676,-1.1983,3.0855,-6.7985
0,-2.2103,-3.1587,1.8767,-3.2355,1.0989,-2.6063,2.1534,4.0407
0,3,-2.1813,-3,2.5298,-5.4557,0.62373,2.5099,-0.093193
0,1.9491,2.7003,-1.3797,-0.84385,3.9887,4.7858,-4.1974,2.1009
0,3,7.7653,0.97273,1.9577,-0.51617,4.7603,2.3836,-1.0795
0,-4,-1.1849,0.99401,-1.2884,-1.2002,-2.1345,-1.1395,-6.1072
0,3,-1.4006,4.2658,-0.12718,-1.1468,-2.2558,-2.4949,0.47403
0,3,4.0739,-0.93126,0.47617,2.3779,5.3857,3.0012,3.5551
0,-1.7305,-1.3808,1.8979,-1.3989,1.2726,0.47154,0.59756,2.6974
0,1.5301,-3.015,-0.79097,-2.1024,-0.87766,1.6515,0.36021,1.365
0,-4,-3.4239,1.4113,1.6653,3.7382,-1.4251,-2.4101,-3.2171
0,3,-3.2674,1.8375,2.9711,0.23749,-1.659,6.8398,3.5748
0,3,-1.3671,3.1971,1.6235,3.9337,-2.5888,1.2672,2.3297
0,0.74792,1.0766,4.8518,-2.081,-2.6248,1.9198,-2.9637,5.7502
0,-0.14316,-2.6302,3.4945,-0.75222,0.8498,3.2339,-1.9839,-0.2806
0,3,-0.52468,1.3517,4.0222,1.1931,4.1267,2.0704,-1.5199
0,0.70906,-0.66138,-0.73305,-1.3597,0.1661,0.2328,-3.5154,-1.1276
0,-4,0.25409,0.77312,6.0147,-0.081424,-3.3083,-6.3267,-1.1207
0,2.2186,-1.4531,4.6705,-1.1923,1.3044,-5.4051,1.5659,-2.7035
0,-1.2461,-1.3041,-2.0929,-5,-2.6618,0.35775,0.041128,-1.8598
0,-3.8373,-3.0323,3.2332,-2.461,-0.24674,5.564,-0.97896,2.3154
0,2.5806,6.2745,-1.6044,-3.2602,3.1469,3.434,1.391,1.7266
0,-3.7175,-6,2.5237,-0.38854,-0.64447,-3.8702,-1.0748,2.1854
0,-0.39606,-3.4818,1.9763,4.5041,1.2859,-0.61396,-3.745,-4.2181
0,1.8709,-0.32443,-3,2.0527,2.2792,6,-1.7554,1.7861
0,0.99797,0.046945,-3,-1.198,2.0795,-3.0946,-3.9002,3.3141
0,3,2.7637,-0.70422,-1.1818,2.1507,1.39,1.1099,1.0239
0,0.15459,-4.7575,-2.0173,-1.2935,-4.3389,-4.6243,-4.5803,1.798
0,0.17869,-1.7571,0.025347,0.44428,-3.9508,2.166,1.4744,0.94918
0,3,-1.0498,0.051329,-1.7216,1.937,-6.3562,-0.99462,2.8859
0,0.025002,-0.062671,-0.50245,-1.9765,2.4635,4.605,-1.5856,0.47052
0,3,-3.1238,-3,2.2174,1.0113,-0.52268,-2.5086,-2.4319
0,1.2626,-1.0235,2.6664,4.2048,2.1243,2.8436,-3.7846,3.2018
0,-1.8414,-0.87822,-0.019693,-4.9739,0.47158,-0.67819,-0.70138,0.99613
0,3,-3.8686,-2.5981,-2.5158,-2.5287,-1.7937,2.0275,-4.0769
0,-2.9185,-0.72929,-0.21405,-2.429,1.761,-4.3721,-3.0804,2.0369
0,-1.7557,1.3202,-0.22904,-1.6831,0.00106,-3.9093,0.47091,-1.5253
0,-3.5924,-0.32977,1.5849,1.1248,-0.55072,1.9329,2.3227,2.8653
0,-1.5548,-5.3553,-2.8167,7,2.0991,-1.6851,-3.6211,3.2236
0,-0.80112,-0.42675,-1.5607,2.845,5,-2.7829,2.7315,-2.9443
0,3,2.3912,-3,-0.28627,3.7772,-0.16352,-6.3647,-3.3904
0,-1.9897,-1.7955,3.5675,-0.38407,-5.6445,3.1339,4.5646,0.47295
0,3,-1.8718,-3,-1.7022,-5.2618,3.1187,-2.8179,4.1799
0,-3.2042,-2.2969,-0.67824,-2.009,-0.47415,-3.4228,1.3716,0.48213
0,-1.1248,-0.20041,1.6288,-0.9416,1.6594,3.4065,5.9698,-0.68702
0,2.2821,-6,2.2802,3.3941,2.7625,-5.7018,-0.90932,-4.6926
0,-4,-4.8079,-0.65374,0.16938,-1.4456,6,-0.56659,-0.63714
0,2.9187,-1.2224,2.6536,-0.68267,-0.55841,-1.4583,-0.49854,-0.93561
0,0.29725,-0.14054,-1.9659,3.3603,1.3768,-0.062931,-0.82257,7.9194
0,-1.7282,1.8603,-0.91162,-3.3135,2.4726,-1.0572,1.0034,-2.3054
0,2.0908,-1.567,-0.64285,0.17487,2.8612,-6.3596,-5.0055,1.8706
0,-4,-6,-1.4872,-0.54865,-1.94,-1.399,0.1314,0.98791
0,-1.1473,4.3113,2.1894,-5,5,-5.4897,1.5823,-2.1812
0,-2.5214,-2.1303,-3,1.4571,-5.2865,-6.2039,-0.90517,-2.6859
0,2.0329,-0.38189,-2.7831,0.048455,-4.9245,-2.8044,-4.0123,0.38369
0,0.5751,-2.6631,-1.3284,-1.5552,-0.84248,-4.0383,-5.1245,-1.1827
0,0.59419,1.0834,3.1139,-1.6374,-0.29676,-2.1029,3.6621,-3.868
0,3,-6,0.60773,1.6018,4.8046,5.6424,0.36482,0.48851
0,0.45629,3.8907,2.0768,-5,1.002,1.6138,-5.1971,-0.67443
0,-3.127,3.6349,3.6742,0.46406,-2.9635,-6.0672,-0.49057,0.1561
0,3,-1.8027,7,1.0421,-0.01776,-1.2722,-1.1731,1.7238
0,-2.2461,-0.37294,0.70764,-1.5591,5,1.2114,2.2778,-2.0976
0,-2.7778,-1.9159,5.8125,1.2262,-4.3529,0.29445,0.044883,-0.4119
0,3,3.3245,0.49865,-3.6318,-2.0105,-1.5762,1.5987,3.1511
0,-0.52242,-2.3668,5.7133,1.382,0.062632,1.4111,0.85374,-5.1525
0,0.3007,-0.46492,-1.2137,-3.0585,0.89659,-3.7311,-0.33547,-5.3708
0,-4,2.4127,-2.2604,-1.8775,2.0683,0.38857,-1.9133,2.945
0,3,2.3612,4.2241,-5,-0.48769,-3.0822,2.8719,-5.3773
0,1.2065,-2.2429,3.8977,1.7614,4.0519,3.3537,-9.1658,2.2335
0,-1.4152,-4.7695,3.2186,-3.2935,0.75625,-1.0362,0.85589,-2.4714
0,3,1.7318,5.3563,0.17321,0.6773,4.784,2.8147,-2.4069
0,-0.61248,-2.0626,3.2681,-3.3455,2.1328,2.9103,-0.48764,5.021
0,3,-2.7321,2.5803,-5,1.6749,-1.9355,-1.3364,-1.3329
0,-0.061481,3.0491,-2.1735,3.8159,3.2221,0.9133,-0.902,-2.7021
0,3,-0.71063,4.6347,-1.029,-3.2071,1.3095,-1.3056,0.49474
0,0.64269,-2.7762,-3,0.046289,-3.5815,0.7129,1.7448,-6.8846
0,2.7228,-1.3019,-2.9221,-1.9028,0.78098,1.4227,-6.5147,-5.019
0,2.6541,-2.128,1.0685,-2.6412,3.6626,-1.0141,2.0949,4.448
0,1.9675,-5.1153,-2.3392,-4.0555,-1.3582,-1.7554,-8.4471,-0.94801
0,0.29198,-1.0368,2.9356,0.31243,0.17903,6,-3.3436,8.7282
0,3,-6,1.6043,4.7239,-2.193,-2.6457,1.5835,-2.3119
0,1.8919,-3.2946,4.6148,-5,-1.6655,-3.9767,1.205,0.81689
0,-4,0.70981,2.8011,0.39028,2.2589,3.185,-6.0267,0.070508
0,-3.3516,0.39872,-2.4673,-1.3678,5,3.692,-5.9598,-2.2228
0,3,0.34815,-1.0175,0.43392,-2.0984,6,2.4225,3.2542
0,2.9731,-5.1276,1.1643,-1.3056,-2.4454,-0.45215,-1.1725,-2.4594
0,3,4.9544,-0.10151,-4.6288,-5.252,5.5994,-8.2766,9.7426
0,-0.14294,-2.6981,1.1043,2.4697,5,-4.7441,4.1892,-6.8521
0,-0.26688,-0.16457,3.455,-4.2511,-3.604,-3.2538,1.0425,0.32314
0,3,2.3142,1.8158,-0.33403,-2.057,-3.9694,-1.5527,-4.6281
0,0.31563,2.3422,-3,-5,-6.6956,0.15824,-2.7282,-0.47363
0,0.20873,-2.4095,1.9482,2.6369,-1.378,-1.4063,-3.7553,-0.57588
0,-2.1405,-1.9861,2.051,-5,5,2.5367,-0.6982,2.9582
0,-4,0.89402,-0.54076,-4.1511,-3.5169,-1.1226,-2.6147,3.1008
0,-2.5019,2.6393,-3,-3.6933,-4.9024,-5.5615,-4.4957,0.81152
0,-0.1586,3.7811,2.6644,-3.9321,-0.95543,-3.0705,-2.2147,3.0657
0,2.9464,-0.65626,-1.2513,4.0091,-0.73379,-1.0611,3.7192,0.61766
0,-1.63,-6,-1.6261,-0.71403,-1.6158,2.5528,-4.4789,-2.7438
0,3,-0.043977,-3,0.14857,-1.2204,6,2.3294,0.07199
0,1.4012,5.0298,-3,-0.92441,-1.8234,-2.1862,1.9218,2.048
0,0.29775,3.1585,4.5038,3.5802,1.7783,2.0866,3.8846,-1.8186
0,-2.5552,-3.9971,0.61218,-1.9363,2.9711,0.98033,3.6116,-1.3672
0,-0.52226,0.62459,0.48093,1.7907,1.349,3.8803,-3.189,0.095477
0,-1.4209,-1.8155,-2.8244,-2.2802,-1.054,1.3696,3.2303,-0.34328
0,-4,-3.9412,0.69065,-0.8899,-0.66503,6,-1.2544,5.4075
0,-4,-5.1208,-0.4632,-2.3427,-0.92902,-0.13043,-3.1913,-0.19573
0,3,-6,-3,2.6414,0.8322,-1.1804,1.9837,2.0382
0,2.8925,-1.9636,5.7702,-1.2455,-1.6646,1.4888,-4.954,3.7664
0,-4,-0.90896,4.5762,-2.2539,1.3342,-0.7094,2.2699,-1.7038
0,-2.1964,-3.4566,-1.2205,-3.0324,2.4952,2.68,-4.6738,0.616
0,1.1305,4.2811,5.4741,2.1404,0.2413,2.3115,3.5144,2.0747
0,-4,0.52384,2.334,0.84355,-6.3671,-5.6125,1.6663,-2.3849
0,-1.9882,0.86521,-1.5035,-4.8425,5,-1.0061,-4.3014,-3.8669
0,-4,-1.6474,7,1.0214,-1.3825,-1.0949,-2.8928,3.2036
0,0.91157,2.4004,1.9278,-0.51971,0.41635,-1.5181,-3.767,-2.881
0,3,-1.9717,-0.16222,-0.33983,-4.1475,-1.9399,7.3609,0.68812
0,-0.63721,-0.76255,2.2559,0.50191,0.30266,5.2067,1.3779,-4.5088
0,0.33588,5.8554,3.3297,-3.7019,2.3369,2.9356,-4.1256,3.2197
0,1.4992,3.2266,2.6576,0.55038,-1.4453,-2.9271,1.3516,4.5069
0,-3.1366,0.76173,-2.314,7,-2.5062,3.021,1.1587,0.19251
0,2.3003,-0.015383,5.3361,-1.1286,1.6547,1.1049,-2.3114,1.4195
0,-0.43837,3.4571,-2.7176,-3.1819,-7,-4.3142,0.8347,2.849
0,-4,-3.5642,2.9676,1.3546,-3.3314,-3.0231,3.7167,-3.464
0,-1.3738,-1.1547,2.4161,4.218,2.7898,2.1851,4.5951,-0.61056
0,-2.3891,1.9639,1.3979,1.7009,0.95354,-3.0799,-0.48793,2.3424
0,-0.83765,-1.3163,-0.87887,-3.7452,-1.288,-1.0648,4.7995,2.7384
0,-3.5541,1.2769,-2.6936,-1.7626,1.792,1.3638,-3.7274,-3.0742
1,-3.8016,-4.1238,0.87832,4.2607,-0.22072,1.0585,-0.62034,-0.74565
1,2.5143,-2.4045,-3,-0.71638,-0.06859,-3.1816,-2.1115,-0.1511
1,-3.7168,4.6891,0.66541,-1.9306,1.3383,6,-2.4734,-0.82784
1,-2.0615,-1.8255,-0.55308,5.2917,2.0245,1.6422,4.0543,-7.8382
1,0.2808,4.0591,-3,4.1043,-5.3143,-0.74671,-2.265,0.059953
1,-1.9075,-0.24251,-3,3.3839,3.7751,-1.7363,3.5198,2.6789
1,0.35004,-1.1642,6.3561,0.51222,-2.9778,-1.543,0.075557,2.5684
1,-4,5.9368,6.5731,-1.7722,-0.32666,-0.20164,2.3619,-1.0907
1,0.58522,7.8,-3,4.0504,0.32096,0.57909,-1.25,-2.8052
1,1.4733,-4.5488,-1.4037,5.8618,-2.4764,-0.060479,0.89171,5.495
1,-0.44767,4.2146,2.2191,5.8416,5,-1.4783,5.5435,-0.76677
1,2.0059,-0.78517,-2.1089,-0.10607,2.1239,0.27858,-1.1581,-1.2791
1,1.0045,2.6001,3.7148,-5,-2.8076,-0.80637,1.2536,-3.5151
1,3,-0.73245,1.7546,2.8211,-2.5662,4.4719,0.91042,1.6808
1,3,0.42655,-2.4592,-3.5546,-0.82503,0.71532,0.24993,-5.7902
1,-3.9682,-3.3887,-0.26427,3.9299,-2.4015,1.1593,0.10095,-0.41751
1,3,8.6344,0.12063,4.8387,0.63363,2.1894,3.8059,2.0161
1,0.059372,-3.9907,0.96082,-0.1037,0.65254,2.2283,0.3558,4.3671
1,-4,1.284,0.60048,0.050429,0.0064164,3.3956,3.5282,-3.1151
1,2.8517,2.4428,2.4852,3.7303,-0.58997,3.0302,-1.0647,2.2569
1,-2.9974,-2.5926,-3,0.71292,2.9657,-2.972,-1.7518,-4.3403
1,3,2.0306,-3,2.8305,1.0587,-4.724,-1.2679,-3.9748
1,-1.5956,5.2034,-3,1.5575,1.2731,-4.9793,0.22044,0.44638
1,3,4.7897,1.1158,6.9473,-7,0.92714,4.9599,3.0204
1,3,-0.58706,-2.5885,0.036407,-4.065,-2.1679,-2.9065,-1.1204
1,-1.1447,5.7288,-2.7944,-1.784,2.3486,-0.78118,-4.8822,-3.2629
1,2.0646,4.1041,0.26347,-3.0331,-4.0852,0.48521,-1.6506,0.20798
1,3,-0.18234,3.1522,-3.6015,-4.5186,-2.3745,0.92594,1.0022
1,-4,-0.16254,0.97852,4.1519,5,4.6788,-3.7264,5.9809
1,0.4273,5.3672,3.2173,0.084628,-0.11498,-4.5695,0.45934,-0.70384
1,-2.3883,-3.3689,2.9451,-0.46345,-4.2096,1.1492,-2.9488,-1.8532
1,2.5078,2.8312,-3,-5,-2.1284,6,-0.98099,-0.39436
1,-4,0.17379,-2.7698,2.9483,-1.4775,-0.74457,-0.84976,-2.3736
1,-4,2.3286,-3,4.8725,1.3368,2.2243,2.8807,-4.1975
1,0.49652,0.66262,-1.3823,-1.699,-0.5111,-1.2251,0.62675,1.9776
1,-2.9054,3.122,-2.3438,-3.9838,-0.90863,-2.0862,0.98047,0.83586
1,3,-0.78234,-0.46852,-2.15,-4.3032,1.7976,-3.7362,2.6371
1,-1.4285,7.9937,-2.3623,3.7449,0.38505,-4.1096,-3.0085,-0.65347
1,3,6.6374,-1.2659,6.4509,0.73316,-4.258,-0.11776,-0.66716
1,1.5224,-2.4876,1.258,2.3413,3.4677,1.3238,0.72719,-2.4894
1,-1.1683,-4.2607,-0.6773,-3.2335,-3.5161,-1.3196,1.9026,-1.3071
1,0.73286,-1.9621,-3,2.3599,-0.26456,-0.25854,3.322,2.1169
1,-1.0095,1.9912,0.2835,1.4268,-0.16738,-7.2214,-0.79719,-5.4548
1,-2.8761,-1.6011,-3,4.0062,-4.9994,-1.6461,0.17861,-0.27362
1,0.868,4.0787,-0.26807,-1.4641,-6.0851,-7.6373,0.69659,-4.7389
1,-0.65581,-2.7039,2.1265,5.3847,2.2134,-2.3879,2.5476,-1.3438
1,-0.82202,-3.5868,1.773,3.9914,-1.8361,-0.90769,-4.2705,2.4672
1,2.3356,1.8244,-0.42514,-1.0467,4.8539,4.7663,-4.4618,-3.3112
1,-2.1963,3.7152,1.6083,4.9721,-5.2508,-0.44137,3.9278,5.7472
1,1.8823,3.7983,-2.8514,-1.0351,1.6428,1.2632,1.9966,7.3127
1,0.59228,1.786,-1.2915,-0.61739,-2.0621,-2.4711,-3.6217,-1.4114
1,2.348,-1.8835,4.28,1.4731,-1.5288,0.53616,0.22793,0.76235
1,-4,0.93905,-1.8746,5.0259,1.5305,3.5796,-1.9315,-3.5976
1,-0.50473,-0.96617,1.3345,1.2732,0.95159,-6.3218,-3.2854,-0.94284
1,-4,1.5489,-2.9647,6.0155,3.1093,-2.0277,2.6873,2.0106
1,3,-0.60457,-3,-2.4611,4.5921,-0.082536,2.9398,-0.1852
1,-3.8309,4.1141,4.6354,-1.2481,-1.1835,1.522,-1.0611,0.53892
1,-0.80771,0.32919,-3,-3.2844,-0.53659,3.0687,2.2123,1.2384
1,3,1.4523,-0.51064,1.4359,-2.7221,-1.348,6.1002,3.6103
1,-1.7962,3.6015,-2.3208,2.5772,5,3.2387,-2.6433,1.2344
1,2.3869,-1.8405,1.3077,-1.3833,0.6136,-0.49918,-3.5433,1.7692
1,-4,-4.5201,-3,2.4603,-2.8965,0.5033,1.4174,-2.5098
1,-2.6164,6.0357,0.77292,-2.5814,1.728,-0.94642,5.7912,3.0211
1,-2.0537,2.4014,-3,3.3526,-0.61093,-7.7358,0.064394,0.7438
1,-1.9911,6.884,-0.066553,2.0605,-3.7404,3.0545,1.9621,-4.5245
1,0.37092,4.0158,-1.4513,2.0524,-3.8124,1.044,-1.4557,-4.3023
1,3,3.4418,2.1891,5.0184,-1.0064,2.4535,0.77667,1.3731
1,0.97724,-0.15924,-2.6277,-1.6539,-1.6794,5.7057,-6.5368,0.78149
1,2.3193,-3.6967,-3,4.2611,0.84298,-2.3811,1.6216,0.42037
1,-3.8888,0.046073,2.7155,4.3822,-3.258,-0.069938,-2.2726,-1.5198
1,0.37518,2.9906,4.8505,-1.8497,-5.6399,-1.8423,-2.1625,-3.1047
1,-1.7914,-1.116,-1.7154,-1.4309,-1.0194,-1.5834,3.8903,3.5663
1,-4,-5.2633,2.1131,-4.8269,2.8578,-2.3244,-1.1226,-1.3817
1,0.79686,-1.2521,2.5187,-1.0266,-3.9048,0.9388,2.0026,3.1087
1,1.2202,0.93943,-3,0.14779,-2.7505,-4.6316,-0.47514,2.6314
1,-2.517,3.4041,-3,-2.8219,-5.4015,-0.046334,-0.32644,0.58417
1,-4,3.6292,-3,0.54913,-1.5585,0.26676,-6.399,-0.17249
1,-4,2.9231,-3,-1.0293,-2.3036,-2.4677,-0.035605,0.21041
1,0.96906,1.8354,-3,-3.3446,-3.7803,-2.3329,0.79522,0.7468
1,3,-3.1423,-0.27594,1.5629,-3.3349,-0.83815,-1.054,-2.8612
1,-1.1511,6.5043,-3,2.4407,1.1491,-4.6762,5.3958,-5.6038
1,-2.9547,-2.0852,-1.5034,0.39823,0.49947,0.54119,1.5605,-1.0265
1,-1.0366,3.6697,-2.4616,5.8301,0.34303,6,-6.9778,-4.4962
1,3,-1.4744,-3,1.9501,-3.5937,-0.71746,3.5778,-0.67615
1,-2.5952,1.471,0.76345,-4.7733,-3.9271,2.1764,0.65279,-0.31377
1,2.4808,2.0748,-0.19783,0.6566,-6.2443,-2.1019,1.3943,1.4687
1,1.315,2.5277,-0.85669,-3.4985,-3.9965,0.32182,4.6444,5.1515
1,1.0069,4.5091,-2.8705,4.6904,0.76684,-2.9942,1.6124,-0.19691
1,2.9199,3.5492,-0.41855,1.6019,-0.37198,-6.6942,2.0439,-1.2664
1,1.2246,-1.2048,2.7386,2.1179,-2.1447,-3.8641,5.0257,2.7964
1,2.68,2.0384,-0.61333,1.4196,2.294,3.9024,-1.2406,4.6448
1,-4,6.4397,-1.2235,6.9439,-4.3179,-0.75958,3.6034,5.5285
1,0.64733,3.7573,3.3368,4.4946,-5.7454,-4.0634,-0.83527,2.7571
1,-2.0115,3.8222,-0.543,3.9731,-4.1303,-0.077294,-5.042,-5.3005
1,-1.583,4.3584,-3,0.049363,-4.21,4.2144,-3.0002,0.66757
1,-2.8745,-2.9485,4.0787,7,1.2975,0.51573,2.0226,0.18291
1,3,-1.1758,-3,0.032992,-2.1426,1.621,2.8835,3.6437
1,-3.0975,3.3489,-0.64282,4.5507,-1.2593,2.146,3.1327,-1.1073
1,3,2.6167,-0.9848,2.3907,-7,-4.3986,-0.78311,1.41
1,-3.8669,-3.2432,4.9969,2.5339,-4.4343,6,-2.0613,2.6083
1,-4,1.6314,-3,7,-0.49485,-1.0681,-1.5291,3.6607
1,-4,2.3657,0.28286,7,-4.3252,1.751,-2.5711,-3.6951
1,-2.2758,-1.8341,0.0038041,-3.0477,-2.0656,-2.3125,1.6994,0.41264
1,-4,1.6916,1.8905,2.6139,0.17684,3.441,-2.4375,0.92083
1,-0.062412,4.7665,1.6955,-1.1846,-2.7839,4.492,-0.8482,-4.7988
1,-2.7776,-4.257,1.5971,1.5957,-1.1489,0.0063331,-1.5639,0.86802
1,-0.55616,-4.1426,1.6587,2.5714,0.86034,1.8637,-1.3331,3.1838
1,3,1.315,1.027,1.4416,-1.7403,4.666,-1.2487,0.26359
1,-4,-3.3347,0.94693,-1.4025,2.5145,-1.6725,-1.5262,4.4828
1,-1.0968,-1.2663,1.6927,2.6192,1.0034,-1.2063,-0.64212,-2.4468
1,3,3.0914,0.14625,5.3495,1.5765,0.4458,-5.9341,4.9724
1,-0.41043,3.9607,-3,1.1538,1.2638,-2.9126,-3.8722,0.093077
1,2.3639,-2.1771,1.123,0.68594,-1.6192,3.0938,0.84983,-1.3639
1,-3.4526,1.4488,-3,0.38518,-1.3315,-1.3191,0.12837,-0.2817
1,2.6845,2.8618,-0.80483,4.111,0.80169,1.3824,1.0167,-4.58
1,-2.8313,0.96333,-1.7145,1.9296,0.77769,0.53657,4.0645,-2.2159
1,-0.83292,3.8097,-0.82851,0.28785,-1.292,-2.0185,-5.5582,-0.55483
1,2.3663,-1.3738,1.317,0.83895,-3.2242,-4.3114,-3.3779,-1.7763
1,-2.6575,1.825,-3,-2.751,1.7407,-2.4783,3.5222,-1.6758
1,-2.1328,4.3234,-1.983,-0.071072,0.80985,0.95865,2.5943,-1.3592
1,3,1.2409,-1.5281,-1.2975,2.6459,0.12076,-2.2993,-2.9403
1,3,6.3641,-2.5808,-1.2743,1.5549,6,3.9937,0.73867
1,-3.687,0.21883,1.8801,3.7538,5,5.3154,-1.9177,2.5722
1,2.0311,-2.0585,0.18698,2.4573,-3.5907,-2.0877,-3.8271,-0.41021
1,3,-3.9064,-3,1.2308,-1.582,-0.21295,2.9764,-4.1559
1,-2.6143,0.77522,-3,4.3158,-0.45078,-0.28204,-0.89423,-0.47916
1,0.98469,1.5573,-1.8147,3.1265,1.2413,2.7375,1.2864,5.1573
1,-1.2539,3.6774,-1.8028,1.7582,-2.6584,-4.951,-2.6542,-3.4052
1,0.60207,-3.3783,-3,-0.94405,-5.763,2.3683,1.6472,5.0019
1,-0.85174,1.8149,1.6663,-0.034085,-7,2.599,-1.1033,4.408
1,-4,-3.3816,6.5103,-2.859,2.4148,3.901,2.1537,0.44096
1,-0.7378,4.3932,-0.36589,3.8006,-4.4273,-1.2598,-2.8865,-1.3725
1,0.016951,0.5613,1.8128,5.2038,-3.2301,-1.4991,0.37027,1.1947
1,-4,-1.462,1.6035,-5,-3.0296,1.6728,-5.7831,4.0187
1,-4,4.6003,-3,3.8315,4.5589,-2.6789,-1.3363,-0.91898
1,1.4425,0.59741,-0.78425,-1.6055,-1.7093,1.391,1.6168,0.02789
1,0.76093,0.34323,1.2697,0.096399,-0.42573,1.2393,-2.5376,4.3327
1,-4,-1.5815,-3,1.193,-3.1431,-5.0679,1.0624,0.41207
1,-2.9501,5.8012,5.9669,3.9222,-3.4373,-0.70805,4.4228,4.9622
1,0.79396,0.14771,-2.984,-3.8256,-7,4.4932,-0.97693,-0.19756
1,2.4531,1.399,4.6119,2.2102,2.8342,-3.3433,3.867,2.9617
1,3,4.7662,-3,-2.3693,-3.6864,-1.4351,-6.3911,1.9264
1,-2.4203,5.2688,1.4865,3.6268,2.6348,-6.9756,2.8094,-1.4216
1,3,0.1946,4.7667,0.62821,-3.9527,1.3646,-5.8593,-0.92605
1,0.27975,2.0419,-3,-1.1577,-0.097278,2.5863,-0.23013,1.1157
1,-4,5.7731,2.8713,5.5086,2.4116,3.9229,-3.321,5.9734
1,-2.9711,-2.8811,-2.9762,-4.185,-5.7217,0.33619,-3.8058,-3.107
1,-2.8069,-3.5866,-1.1123,1.5469,0.36614,-0.45742,-0.1301,-4.1472
1,3,5.3702,-1.99,0.10474,0.92667,-5.5354,-2.3538,1.7312
1,-1.6642,-0.99731,-2.7599,3.9828,1.4424,0.65727,-0.80619,7.8144
1,-2.0076,7.6998,-2.9571,-0.79923,2.4895,-3.084,-1.581,-1.3462
1,1.8859,3.0487,-3,3.732,-0.82253,1.9448,1.0113,1.8042
1,-2.8525,-1.5482,-0.55728,1.8012,1.9297,-2.4119,-2.5903,-0.22473
1,-3.2131,0.25435,4.1432,1.1279,-0.39353,5.3652,-1.4896,-3.3006
1,-1.7804,0.10147,0.61742,-2.2834,-0.49092,-4.7771,2.2108,1.1955
1,1.6257,4.8676,0.76157,3.4083,3.5796,0.65845,2.1853,-0.54524
1,-3.6992,-2.4402,1.1388,-5,-0.46866,2.6333,2.8428,-0.1308
1,-3.6292,-4.6502,1.0598,-5,3.2101,-3.779,1.0547,-2.5058
1,-4,3.5828,-1.3426,4.5559,-3.0326,-4.7057,0.54875,1.4242
1,-1.3425,5.2768,-2.1493,2.5107,1.1219,3.6877,-0.42617,4.4759
1,-3.1005,1.473,-3,-5,-2.549,3.5117,-0.13522,-5.9468
1,-4,5.2897,-3,3.5402,0.41667,-0.078081,-6.9816,3.9411
1,-4,1.8647,-3,-4.163,3.6837,-1.2906,3.5759,0.016719
1,0.79944,1.7218,4.8862,-4.0367,-3.2228,0.72994,1.5953,0.27872
1,1.1247,-1.7736,3.8567,1.7523,-0.11748,-3.0766,2.5076,-1.5419
1,-4,0.33592,-1.719,-1.1679,-3.2629,-1.4268,-2.9117,1.5994
1,3,0.352,-1.0026,-2.8954,-1.2161,-3.9115,-4.7072,-2.2564
1,-1.6527,2.284,-3,4.2635,2.0529,-0.18599,4.0056,-2.1069
1,-3.9068,4.064,-1.8209,-1.3044,5,3.7578,1.5372,1.2111
1,0.15426,3.299,-3,-3.2557,-3.4185,1.9187,4.2113,-0.84019
1,-4,2.5166,3.3892,-3.2265,1.98,-0.90581,-0.14736,1.2042
1,-4,-3.3064,-2.1694,7,0.12822,5.0286,-2.6114,-2.2154
1,3,1.0458,1.522,1.0428,-6.5323,5.1299,2.0079,0.437
1,-1.1218,4.1188,0.57653,-1.028,-6.0995,-1.7258,2.4302,-6.8464
1,1.5853,-1.0716,1.5861,4.8427,4.0837,-1.6707,3.1365,4.734
1,3,1.0427,3.2002,-1.6059,-4.6196,6,-2.6671,-4.3601
1,-4,7.0048,1.6371,-1.46,3.2337,-1.779,-0.8601,-3.3957
1,-3.5389,-2.4514,-3,3.8451,1.0652,-3.842,2.7941,0.28153
1,2.533,-3.7483,-1.1382,0.90931,-5.6936,-0.78277,-1.7052,-0.40406
1,-1.5292,-1.4386,-0.61768,-5,-5.4671,2.2875,-5.587,2.8112
1,-4,5.8808,1.2769,1.7642,-2.7996,-2.4234,4.7021,0.35301
1,-1.3926,-0.39187,2.3433,-1.2401,-5.0432,4.0709,-3.4316,-1.4521
1,-0.19587,0.041108,-2.652,0.32052,-5.6634,3.7264,-0.57288,3.9569
1,-0.72168,-3.2602,-1.4245,5.0056,-3.1279,-1.9776,-1.3378,-0.45298
1,2.003,0.36402,-0.84254,-1.8775,0.30964,2.5281,-3.1153,-5.1244
1,1.2455,-2.6739,-1.8172,-0.89329,1.496,1.3718,2.074,-4.7995
1,-0.44439,-2.4333,-2.2302,-0.70231,0.12929,-0.98881,2.2669,2.7559
1,-4,0.42089,0.19156,2.2868,0.088996,1.2582,6.0332,-1.5833
1,-3.0344,1.0755,-2.2621,-3.1206,0.4397,5.7007,0.1367,6.2096
1,3,-1.1445,4.4151,2.1479,1.1407,2.5736,-0.70978,-0.70368
1,-0.26869,0.33946,1.4688,6.6191,5,-0.58003,-2.716,1.4453
1,0.65187,5.1557,1.3123,-0.68916,-2.9364,4.559,0.34229,-3.9054
1,-1.3484,3.1475,-0.80463,-4.3638,0.048411,0.92308,1.9333,1.8746
1,-4,2.094,-3,2.6631,-2.8566,-3.6595,0.81619,4.7615
1,-0.40422,-0.20115,-3,4.755,1.714,1.7669,3.3509,0.35129
1,-1.0295,-2.5887,1.9952,4.7459,-1.5511,-0.28013,3.4774,2.7294
1,1.6322,-6,-0.62761,3.9495,-4.1754,-1.5288,3.1503,0.78492
1,2.2602,-3.0027,1.7634,1.8406,1.591,0.087932,-2.08,-6.4097
1,-3.7594,-2.0616,3.2336,-1.6477,-0.84375,-8.3118,1.8701,0.46979
1,-2.6786,-1.4438,3.2099,-0.25369,1.2444,-5.1713,-3.5011,-3.4297
1,-1.5598,1.8946,2.3624,0.59236,-0.27982,-4.3833,5.7594,4.0456
1,-3.8911,-1.7898,2.6857,-2.5479,-2.6897,0.97338,-2.3025,-4.7193
1,-0.26058,-2.4449,-2.5949,4.5099,-3.9975,5.6302,4.0329,-7.1052
1,-1.9556,-1.5145,-1.5075,2.5271,1.6856,-1.5534,1.8936,-4.9258
1,3,1.5334,1.0055,0.37549,0.66001,-2.0378,-0.96,-0.14134
1,2.7651,2.861,-2.3954,7,0.37913,0.097779,3.5826,4.5585
1,-0.50249,-6,2.73,2.3647,-3.1216,-3.5347,2.3305,-1.0408
1,-4,5.0443,2.1148,5.1327,-2.7827,0.00076284,6.2074,6.276
1,-3.6003,-1.1751,3.017,-0.61568,5,-4.3299,1.2615,8.25
1,-1.4005,-0.98173,1.488,4.1092,-1.8419,4.984,4.5381,0.38674
1,-4,-4.5392,4.1641,-5,0.94148,2.979,-2.9233,-1.5967
1,0.0082844,1.6922,1.1505,-1.2563,4.1304,-1.0789,-2.1133,0.41501
1,-4,4.128,3.7739,-1.4812,4.5176,4.1601,-0.65091,5.4912
1,-1.341,-1.5993,-1.1157,0.74005,-0.45731,2.3317,-1.3364,-2.2851
1,-1.3276,3.1638,3.7748,-0.72764,-1.0723,0.44215,3.1436,-1.6429
1,2.6705,1.9528,-3,-0.9178,2.1511,1.9021,-0.5006,-7.7478
1,-0.071859,-0.023431,-0.18831,0.016387,-2.6192,2.0169,1.5179,0.23363
1,-1.6676,1.7182,-0.32734,3.2874,1.461,-2.4681,0.40825,1.5515
1,3,-5.4862,4.4281,3.6627,1.8705,1.0968,-1.0885,-1.5095
1,-2.3494,4.1713,-1.7758,-2.0278,-3.3237,-0.57614,-1.3863,-4.1517
1,-1.1885,4.6188,-3,-1.1339,3.5274,-1.5886,-4.0391,-2.4036
1,2.8005,-1.3078,5.9478,0.91402,-2.6926,0.73035,4.3145,3.2239
1,-1.3064,-0.33223,-3,-5,-4.599,0.99395,4.7636,-4.7633
1,3,-2.653,-3,6.1384,2.6639,-1.1615,-2.6093,1.0634
1,-4,-1.8339,3.9474,-0.20313,0.16144,2.1013,-0.50552,2.7351
1,-1.3349,-4.3829,-1.743,7,-0.39809,4.7889,-2.7085,1.0896
1,1.8112,-0.49287,1.5041,4.5928,1.8912,0.67757,-2.8764,0.035922
1,-0.11462,-3.6981,-3,-5,0.24571,2.2215,-2.034,0.95167
1,-3.2504,2.6501,-0.74279,5.0844,-3.275,-7.2349,-1.569,-2.7988
1,3,-1.0687,-2.8753,2.7948,-0.537,-4.97,3.9408,-2.8345
1,0.42292,2.7885,-3,0.29814,1.3105,3.3056,-5.2889,0.36741
1,3,-3.1164,-1.1806,0.91638,3.6612,-2.0892,-4.4811,-5.118
1,-1.4553,0.34234,3.1874,0.53829,5,-2.4249,6.2763,2.2241
1,3,4.0586,3.84,0.47112,-0.29406,0.97358,-1.5916,-3.7028
1,-0.81343,0.7788,2.4145,0.60555,0.76946,-4.7972,0.29204,1.3523
1,2.7302,1.2788,1.7155,-1.5675,-0.47161,6,3.331,-1.6847
1,-0.83676,2.7673,-3,-1.9448,-1.0944,6,-2.051,0.3089
1,-2.4412,1.701,4.7201,6.3136,3.8827,-0.39797,-1.0802,0.57811
1,0.84293,0.37021,-1.5075,-3.0685,1.6946,-5.4249,0.20666,0.80187
1,3,3.5498,1.2205,1.5901,-2.786,-2.6878,8.0342,-3.4087
1,-1.2681,2.5249,-3,-2.8159,-3.3616,-1.9644,-0.40106,1.4169
1,-4,1.3567,-2.8087,1.2387,-0.98909,3.5274,3.7223,1.5772
1,2.3365,3.5711,5.5741,7,-4.2652,4.7395,5.4279,-0.94546
1,-1.7675,-0.84073,-1.0417,7,-5.355,-0.46677,-1.6169,-3.738
1,-0.83971,4.0252,5.0329,1.9242,1.4726,-0.35599,6.8933,-3.8369
1,-0.54545,5.2359,1.8421,-2.1307,-1.2421,2.1963,2.5957,1.9421
1,2.1755,-0.9918,2.1586,-5,-0.60803,0.81608,-2.4927,0.16634
1,-3.9567,0.3143,1.0529,-3.0082,3.3756,0.5597,-2.354,4.2089
1,-4,2.7244,1.2972,5.0522,-1.2965,-4.4201,-3.8365,1.1641
1,2.5542,1.2327,-3,1.193,-1.7843,2.2627,-0.45264,-3.9741
1,-0.27415,0.56167,-2.0818,7,-2.8821,6,2.5134,3.9901
1,2.4219,1.6292,-3,2.6587,-2.2461,2.9253,3.6205,0.8296
1,-3.7214,-2.7683,0.089883,2.2944,0.072766,-4.9792,3.5116,3.7932
1,0.038864,-2.1387,2.1237,2.9535,-3.9005,-0.8989,1.4409,-3.054
1,1.1946,4.8602,0.72813,-2.7334,-2.0603,-4.4881,3.5552,-2.0895
1,-0.85052,-4.6984,-3,-0.72202,0.81956,5.3148,0.34284,1.1237
1,-3.8051,-2.8415,3.2647,-2.9811,-0.35279,5.2748,-0.14499,2.5698
1,-1.5331,0.96848,0.92515,-1.9066,5,4.2422,-2.1468,-0.38613
1,1.3579,6.4548,0.48313,1.6023,2.3522,-1.7263,-3.3445,2.7152
1,2.6966,-0.12768,-1.24,0.36873,-2.1712,-4.6955,1.3737,-1.8227
1,-4,0.97062,-3,-5,1.9053,-2.9163,1.0607,-7.3055
1,1.639,-3.9049,-3,3.8589,-0.22681,2.0657,-3.8077,-2.8405
1,-1.05,-0.73807,1.6803,3.1092,-1.8445,-0.4892,-1.347,-2.3853
1,1.72,-0.56849,6.0932,2.7339,-1.5454,-1.3813,-4.5537,-1.9943
1,-4,1.7539,-0.8152,4.4343,1.35,-0.14376,-0.14772,8.8776
1,1.5557,-2.9823,-3,2.8953,-0.75419,-0.54645,1.2102,-3.8694
1,-3.5098,4.1242,-3,0.54364,-4.3694,-1.4328,-5.5932,-1.5097
1,-2.5512,5.4172,2.9116,3.252,2.3468,3.4664,2.9906,-2.3834
1,-1.033,-1.6989,2.7305,0.45928,-3.2716,-1.9466,-1.1711,-5.1068
1,-0.98152,-1.8055,6.2998,1.3363,-3.3354,1.1109,2.1966,0.67973
1,-3.7595,1.256,0.91862,3.9753,3.387,-0.61969,4.8343,-3.3986
1,-4,-5.0449,2.0775,3.0705,-5.5386,-3.2426,-3.4534,-0.98004
1,-1.0233,2.1392,-3,-1.1168,3.4471,1.4698,-1.6447,0.45853
1,0.5154,0.73806,-2.2235,6.2246,-2.3931,-0.63635,1.9017,-2.371
1,0.59463,10,-1.034,7,3.606,1.9303,4.5367,-1.6743
1,-1.6893,-0.93229,3.7481,2.8208,-0.29779,-0.11065,-3.7254,4.3809
1,1.9578,4.9192,-1.9118,0.42391,-2.6667,3.4411,0.10028,5.0591
1,0.60506,5.7121,1.2252,1.9021,1.7754,-0.4873,-2.2587,1.654
1,2.9569,-0.095206,-3,4.0183,-2.1814,-1.712,5.3572,2.7389
1,-0.63986,-0.51085,1.6542,7,-0.38211,4.0209,-0.89602,2.941
1,-1.3049,-4.3076,0.55936,2.1965,1.4382,-1.8385,1.5872,-1.4386
1,0.37893,3.1377,-1.4196,-2.4818,-2.0065,6,6.274,0.33932
1,-0.28944,0.28057,0.94141,6.409,-4.3797,2.4151,-0.61723,0.43913
1,-2.1269,3.3709,-1.8419,3.0857,3.1961,-1.3243,-2.3513,0.16336
1,-2.5421,2.2148,-2.1418,-0.48915,5,-2.4186,-9.0676,-1.164
1,3,-0.65991,-3,4.6285,-7,-2.0229,1.5888,3.4378
1,-4,8.8964,0.37239,0.73127,-1.9804,-0.067551,-2.4299,-0.68052
1,-4,6.9539,-2.8475,2.2121,2.3904,-1.3933,5.0992,2.0001
1,1.7965,9.8251,-0.048327,-0.5673,-0.72892,-0.6733,0.0070075,-2.057
1,-3.5385,1.0438,1.2049,2.0095,3.5551,-2.4884,1.9723,-3.373
1,-2.5891,-1.3108,0.098398,3.8304,1.3631,3.9215,-5.3605,-3.3038
1,-0.86562,7.9726,4.6504,6.433,1.3461,-1.8325,2.4077,-1.3075
1,-4,0.6554,-0.28606,1.2153,3.6924,1.245,0.81478,-3.5841
1,3,-2.4884,3.0961,0.17488,1.042,0.22115,-0.5608,0.053374
1,-0.26302,-0.98059,4.8199,0.3521,1.869,2.202,-0.80512,0.46193
1,0.17572,2.0183,-3,6.6124,0.15644,1.4683,2.7285,8.3011
1,-3.6917,1.1532,3.676,2.852,2.4714,2.0893,6.4593,-1.4313
1,3,1.5386,-3,5.5713,-1.7778,0.54433,3.7195,-2.0051
1,-4,-1.7395,1.5267,4.0919,1.6979,0.19427,4.8066,-5.3682
1,3,-2.8454,1.371,1.7891,5,-2.0367,0.24683,3.1324
1,0.69994,2.2438,-1.6964,2.1589,-0.55938,-2.5949,2.5122,4.8449
1,-4,-4.5629,0.27332,-1.4622,1.9786,2.8131,-5.4962,-2.573
1,-4,-1.1839,-2.0218,7,-7,-0.012629,3.6494,2.6092
1,2.7898,1.0827,-0.0057754,3.0715,0.50787,-7.1582,-2.6341,-2.5614
1,0.078605,-2.8753,4.4227,3.7628,-4.1451,1.1492,3.1457,0.51837
1,-3.8959,-0.99002,-1.2299,-2.0229,-0.75425,-1.4666,-0.23103,0.80997
1,-4,8.9898,2.2855,-1.3692,4.9651,-4.2793,1.4337,-1.1931
1,-4,-1.87,-1.0688,-2.9983,2.0898,-2.4009,0.74805,-1.1196
1,-2.5579,2.8902,3.6896,-3.8675,-0.54673,0.89561,-4.6613,-2.4574
1,-0.79269,-4.4192,4.4226,-1.1144,-3.0538,4.642,1.1385,-2.3321
1,-4,3.0913,3.9123,3.4994,-2.9953,0.10359,3.8888,-5.1674
1,1.2101,-2.1695,3.6871,-0.12001,1.6624,-1.6205,-1.2493,-7.2235
1,-2.562,2.1682,-1.804,-5,2.8774,0.88585,5.0594,-0.94334
1,-3.526,-3.9299,-1.349,1.1117,1.7957,1.7018,2.0708,-4.098
1,-4,6.9903,0.043763,2.9506,4.266,-0.41007,-0.98768,-2.3114
1,-4,1.66,1.7282,-0.21616,2.6184,-4.2581,-2.5731,-0.40575
1,-4,-0.094808,0.025295,-0.80705,1.62,-1.4466,-3.7299,2.7491
1,2.0046,3.3929,3.278,-5,1.8141,4.0698,1.2366,-0.92081
1,-0.68952,6.7394,-3,3.0764,4.9679,-3.0859,2.9606,-1.0271
1,1.9416,-1.6516,2.6826,0.8974,-0.68139,-7.2555,1.3585,5.3399
1,-0.633,-1.1137,-3,-4.588,0.43595,-5.1561,0.16038,-0.57
1,-1.9532,-0.076234,-1.6197,-3.4057,-2.2542,-2.9898,-2.4056,-0.53487
1,2.3897,-2.3667,-3,-3.2733,2.2398,-3.8987,3.5594,-1.9955
1,2.3393,4.4189,5.1589,2.0836,-2.1773,2.9499,1.2118,4.0312
1,1.2998,1.5904,1.6611,6.517,-5.287,-1.401,-1.8493,4.8243
1,-4,3.1416,-3,-1.5812,-3.3067,-0.42517,-2.6245,-4.3567
1,1.8148,-3.4375,-3,4.3528,1.6152,-0.017944,-2.8478,2.5045
1,-4,0.35678,-1.9352,5.2939,-1.753,-0.58998,2.91,5.2892
1,-3.573,2.7711,0.77263,-3.4935,5,-0.43601,1.1482,-3.5984
1,-0.69425,-1.2085,4.2515,-0.87466,-6.0602,2.8186,1.3633,-0.91601
1,-1.5984,-3.9956,-0.72243,3.0668,1.1328,-0.66089,-2.9448,1.4076
1,2.145,-6,1.9126,-0.15672,-3.1513,1.9483,-4.506,-4.1839
1,-0.48781,0.48249,0.73866,4.3633,-1.3249,0.90242,-2.9076,2.9694
1,-1.9213,2.5421,1.2942,5.6903,4.9624,0.63883,-0.28893,0.02793
1,-1.3508,2.7692,1.4882,1.2973,-4.9529,1.9949,7.9376,4.2897
1,3,-2.6122,2.3467,4.1968,-2.6314,3.2117,-0.94451,1.6042
1,-2.9651,2.9857,2.6823,1.9918,-1.6886,0.12052,4.9277,-2.5892
1,3,0.40102,-1.0429,2.7705,0.73548,-1.5221,-2.25,-1.927
1,-0.69007,4.1205,-1.2905,-5,1.5065,2.3566,4.1906,0.64388
1,-2.1263,2.3518,5.7724,0.44917,1.2887,-1.8818,-0.41986,-3.237
1,-2.873,1.6269,0.4207,-1.1325,-1.5211,-1.5729,-0.56122,0.31368
1,-2.5545,-4.964,2.3429,-1.2101,-1.3265,-2.4082,-5.8548,2.1183
1,-4,3.0386,-2.2871,-1.5728,0.44498,0.20696,3.2244,0.74775
1,-0.84501,4.4995,0.36181,-0.44478,0.07938,4.1058,2.7174,5.5959
1,-2.9482,0.030343,-0.33341,-1.1287,-0.71515,-5.5122,1.8638,-3.4451
1,-0.51294,0.64156,0.64241,4.7789,-3.2897,-2.2371,2.6799,-4.2216
1,-1.6647,-6,-3,-0.016429,-3.1232,-3.1368,-1.6216,-1.0136
1,-3.4365,1.9091,-3,-1.822,-1.4039,5.4089,-3.1305,-0.65986
1,3,1.5909,3.5952,-2.5382,1.6557,-3.7598,-1.6061,-3.8821
1,1.2317,3.453,-1.2569,6.8556,0.369,4.1056,2.5765,0.81042
1,-1.6363,3.8128,-2.9101,5.3911,-1.1014,2.6954,-2.3852,3.6047
1,1.417,0.42569,1.3973,-5,3.5061,-1.9025,3.205,-0.93446
1,-2.4744,2.4972,1.6686,2.3035,-3.0034,3.6491,4.2402,-1.2155
1,2.7759,0.38439,-1.976,-4.4369,1.2266,5.8056,0.61627,2.2985
1,2.8673,0.45321,3.3331,0.18888,-6.676,2.8713,2.2451,-3.9682
1,3,1.2194,0.48532,2.1354,-6.4114,4.2882,-3.4514,0.57249
1,1.3785,1.1259,-0.51327,2.0269,1.9506,1.4812,4.9252,0.14704
1,-0.23242,-2.1415,0.98003,0.63613,-4.3644,-2.4924,-4.9875,1.8845
1,-1.9786,-2.2368,-2.0916,-0.31135,1.7764,-0.5427,-4.1153,2.2085
1,-0.38019,-3.7704,0.12623,-0.042237,5,3.3747,0.65321,4.3196
1,0.72831,-0.69039,1.3087,1.6989,1.9979,-3.116,4.3126,1.8713
1,-0.58552,1.1296,2.7351,-1.2372,-2.7798,0.082168,2.5092,3.3596
1,-0.63247,0.40246,4.7832,3.7774,2.6272,-5.6619,3.6563,-2.5254
1,1.5336,2.6767,-1.9446,6.3577,3.297,2.7735,-0.36428,8.6855
1,-1.7014,-6,3.2551,-4.9674,-0.45065,1.4588,0.90112,8.2054
1,3,3.0795,0.99905,-0.68482,-2.0222,2.3681,0.97573,3.7236
1,-4,-3.1504,-3,-0.62182,0.16109,0.42202,-1.1799,-1.5383
1,-1.8912,5.1356,0.87434,6.3115,-5.0923,-1.1109,-3.219,-4.1255
1,-3.5091,-3.5086,1.61,-2.1151,1.7959,-1.251,2.6812,0.62501
1,-2.8014,2.0041,1.8383,1.6461,-4.5641,0.14816,1.2224,-0.4146
1,-1.8535,2.6956,-0.28158,2.2326,1.0295,1.545,-1.0939,3.5075
1,0.54717,-0.14877,-3,5.9192,-0.020819,-1.7584,2.5244,-3.2087
1,1.3151,-4.7771,1.7518,1.0674,-2.7732,1.2554,-8.4157,1.4931
1,2.5567,3.0376,-0.70468,-0.94708,1.6414,3.6969,-7.9808,-0.16156
1,-1.0241,4.5787,-2.5557,-3.2558,5,0.22105,1.7213,-3.929
1,-3.1686,1.999,0.60336,7,0.70344,-2.0219,-4.6559,-1.4533
1,-0.68316,-2.7956,-0.2925,-0.40395,-0.20228,-3.5592,2.1091,1.1947
1,3,-1.3089,-3,-2.0033,0.69526,2.3154,-2.8559,0.16817
1,-4,-1.9264,-3,4.4573,-2.5921,-3.9111,-0.50753,1.2403
1,0.44688,-6,5.4521,-1.7841,-4.5612,3.8254,-3.129,-1.4641
1,1.3795,3.3021,2.3338,4.4971,3.4459,0.29189,-4.3243,-6.2203
1,0.51928,5.1141,-0.56366,-2.6917,-1.543,-7.343,-1.6985,3.1011
1,3,2.6016,-1.0753,4.3955,-1.0613,3.0029,-2.7655,3.9792
1,-2.1721,2.95,2.9016,7,-1.1222,-1.2536,-4.636,0.63314
1,0.21874,3.5126,-3,2.6645,-0.97138,-4.0846,5.012,1.8102
1,-4,1.8544,0.71972,2.6129,0.60579,3.4224,-7.7404,0.011908
1,-4,2.293,3.6498,3.6537,-7,-0.49039,2.4339,-0.047434
1,3,2.0229,-0.72281,-1.3929,-6.8783,-5.094,-6.2083,-1.3483
1,-1.2831,-1.4668,-3,-3.4588,4.4762,4.9498,3.0326,0.10935
1,-1.336,1.3562,-2.7639,3.5426,5,-2.7557,1.1785,0.76777
1,-3.9181,0.40849,1.2294,-0.72433,0.82685,3.431,0.68577,-2.6138
1,-1.68,2.7087,5.3644,3.6649,-0.68105,1.8177,-2.3056,-4.5593
1,-0.30731,-3.7997,1.1558,4.858,0.18204,3.6182,-3.9108,-3.4355
1,2.1168,-6,-1.8819,3.2201,5,3.1323,-3.7905,1.2082
1,1.6495,-1.1654,-2.1223,3.9339,-4.4359,1.961,-2.2686,4.3769
1,1.3492,5.1862,1.7915,-0.67692,1.2739,-2.6749,0.61569,-1.1816
1,-3.7491,5.6718,1.7941,3.9999,-7,3.3303,4.2598,-0.044931
1,-0.44574,1.7654,5.278,7,-3.1394,-6.7874,0.78266,-2.692
1,1.9509,0.60248,-0.3989,0.086222,-2.1015,-0.3061,-6.095,-3.4621
1,-3.3094,-2.2778,5.0885,5.7959,2.5134,-2.2832,2.6187,-1.9348
1,3,4.593,-3,-4.6865,-0.63399,3.9402,-6.0682,8.5146
1,1.9411,4.6192,-1.5874,5.0922,3.0987,4.4981,6.6691,-0.62868
1,-0.94334,-1.4217,1.1714,-0.55684,-1.4913,2.1417,0.052235,0.63347
1,1.2078,2.9417,4.3155,1.3,0.22736,1.5645,-4.1495,-0.58538
1,0.72693,2.6246,-2.9802,3.4531,-0.089377,-4.8973,1.3348,3.0593
1,0.37222,1.6962,-1.681,0.08772,-0.58582,1.7326,3.0687,0.8592
1,1.4625,3.6453,-2.9845,0.22359,3.7217,-0.58683,-1.8757,-0.93398
1,-2.0495,0.97129,-0.10623,0.21998,-3.0511,2.9571,-3.8415,-4.9301
1,-3.0656,-1.3094,-0.44035,1.7253,-2.6651,3.1803,3.7236,-3.35
1,2.8352,-5.8692,-0.35638,-5,-0.7489,1.7044,-5.3088,0.67096
1,-4,-3.6202,0.71713,1.0172,-4.5152,2.5086,0.14931,-6.1366
1,-3.1471,1.0685,2.8761,2.8327,-0.91847,-0.39728,1.0498,1.3421
1,-2.8299,0.00092109,3.1016,-1.5191,-0.52949,4.477,-0.042323,0.45933
1,-4,-1.4118,-2.1187,2.8212,-0.38062,5.5988,-0.86906,-1.2645
1,-3.4681,7.4489,-0.5871,5.7317,2.5036,0.15188,-0.80823,3.1043
1,3,-0.81024,-0.35137,2.5645,-3.0559,-2.0377,-4.1632,0.57266
1,-1.1643,-3.3524,-0.36407,4.2792,-0.73155,-7.13,-5.1359,-2.2046
1,-2.6883,2.406,0.31536,-0.95755,-0.17451,2.5227,3.7039,-2.1949
1,-4,-2.415,-1.9635,5.3002,-0.57809,-0.73088,-0.14066,-0.76787
1,-1.9163,0.81539,1.0298,1.5886,-0.20295,4.092,-2.1117,6.866
1,-3.859,2.2957,2.6275,4.9457,1.245,4.5971,-2.5309,4.658
1,2.8323,-2.8823,0.65807,1.6573,-1.0118,0.2522,-1.3167,-1.2012
1,-1.9878,-1.9836,2.3147,1.4266,2.4103,2.232,-6.576,-0.9493
1,-2.4584,2.1323,1.2588,0.95588,-6.0083,-2.3396,-6.5207,-0.74642
1,-1.6442,1.0372,-3,1.0395,-1.2606,0.49551,-2.9237,0.44675
1,3,1.2188,0.91363,-3.3222,-3.4702,3.0247,2.4814,-5.5045
1,-0.94133,0.58398,-0.83423,-1.5665,-5.1872,3.3952,-6.0006,5.2079
1,-1.7459,0.57908,-3,2.3932,-1.3894,0.81954,2.4815,1.3045
1,-4,2.1016,-3,0.24521,-4.9405,-3.2186,-0.087517,1.2622
1,0.88823,5.0899,2.8672,7,1.7353,6,8.0744,-1.4614
1,-2.3255,-4.3999,6.8441,-2.7454,-1.8306,3.233,3.2849,-4.368
1,-3.3428,0.97249,-3,-1.05,-5.1649,-1.8031,-1.0144,-0.12683
1,0.78615,6.948,-2.6378,-2.7589,0.2617,1.7042,1.4747,0.87739
1,-2.4432,-0.40817,-3,2.3332,2.3068,-0.52439,-0.73464,-3.316
1,1.5929,-1.1833,-3,3.8446,-7,3.1738,0.36971,-2.8692
1,2.0658,-1.6562,-3,3.3673,-2.7492,0.98905,-1.4046,6.2617
1,2.5244,1.1024,-3,6.1849,-1.6998,-0.8218,-0.87163,1.0537
1,3,3.8552,2.2435,5.3514,-2.9327,-1.2064,-2.0993,-0.87343
1,-2.0222,7.5347,-3,2.3086,-5.9558,2.7486,1.7075,0.079381
1,2.238,-4.7875,-0.52236,-0.66309,-0.36177,-3.221,-1.3895,0.41643
1,3,-0.89155,-2.7131,-1.4489,-6.6712,1.705,2.861,-1.3375
1,1.4923,4.491,-0.81951,2.8783,-1.6574,5.1591,2.8056,0.70129
1,2.3665,-1.3243,2.0831,0.33711,1.2794,-5.6891,-2.3926,-2.3753
1,-1.7447,1.475,1.7805,1.7311,4.4152,-5.0064,-6.7502,-1.1916
1,-4,-1.0668,-1.6608,0.68135,1.0429,0.80549,4.7301,2.9712
1,-3.5887,5.3754,1.5524,-4.2379,0.95752,6,-4.4717,2.6371
1,1.5153,-1.0051,-3,6.2187,-2.1436,-0.8137,4.0041,2.2988
1,0.39306,5.9955,-1.7047,1.7435,-0.71747,-0.71513,1.5227,-3.614
1,3,-1.3977,-3,2.5755,-0.48904,-5.0538,0.55404,3.9026
1,1.2938,-4.0898,-1.8819,0.18502,-2.4001,4.2454,-3.4193,0.14739
1,-2.7151,0.74519,1.6362,5.4135,0.36644,4.2641,5.5505,1.497
1,2.6027,1.4353,3.3916,1.5786,-3.7731,3.0303,4.8722,-0.8738
1,-4,-0.091602,3.4007,7,-1.0139,-3.5192,6.3754,-1.3523
1,3,0.67682,-1.1352,-0.056866,-7,-1.1622,-4.9159,-3.5344
1,-4,-0.51757,1.3644,3.9174,2.7878,-4.9939,0.58949,0.34822
1,-2.5854,-0.92644,-1.0722,4.8097,2.3365,-4.7173,-0.48858,1.6995
1,-4,6.7265,3.5355,-3.2439,-2.7893,6,5.3323,6.0476
1,-4,-1.9071,-0.53698,-5,0.78191,2.4969,-1.2244,-2.1806
1,0.43674,1.3977,-3,-5,-5.1884,-0.12709,0.94356,-2.5046
1,1.7457,2.3216,-1.6222,-0.7593,-0.44609,4.9041,4.1346,0.18718
1,2.2482,-5.8741,-0.21949,0.60131,-1.1079,1.6531,0.63448,0.49607
1,-4,1.0921,2.7511,6.3481,1.6985,3.0437,-1.8979,1.8688
1,-1.1189,0.75009,7,-3.1906,-5.7939,-0.43085,1.614,-2.0234
1,-2.4881,0.56018,1.6454,-3.2771,0.17958,-2.0209,-3.3574,-1.4089
1,1.6465,0.483,0.62408,-1.1785,-0.021798,-3.3798,-6.0145,1.042
1,-1.9268,3.7796,-2.013,3.3,-0.97035,2.7405,-2.8458,4.3924
1,2.7062,-2.8071,6.1484,-0.84714,0.0030469,-0.32098,2.812,-1.4844
1,-0.2873,2.4219,-1.4316,6.5627,-3.7036,3.0806,-4.7602,-5.1896
1,0.49442,2.3847,2.0668,3.6242,-1.8149,-2.3739,-3.0795,1.8629
1,-2.8955,-4.309,-3,1.3849,-7,-0.40158,1.0662,-2.0546
1,-1.859,-4.5876,2.989,5.405,-5.4972,-2.3147,1.8168,1.208
1,-4,1.4305,0.062367,0.036086,1.6757,1.0617,-1.5424,2.6187
1,-1.3719,4.5443,7,1.8948,4.3739,-1.7858,-2.0644,-2.5769
1,-0.2278,3.6155,-3,0.44962,4.03,0.17981,-4.5673,-2.751
1,-0.29509,1.5451,2.8044,-5,0.36061,2.2924,-0.78543,1.9849
1,0.44236,-1.2505,3.0535,1.9958,4.187,-0.15951,-1.3579,-0.45331
1,-2.5235,-0.76728,-2.0023,-4.9925,-1.142,3.5161,-1.0354,-0.1
1,-2.67,-0.98021,-3,-3.0184,-7,-1.809,0.42736,1.8158
1,1.9514,-1.6797,1.7257,-3.4666,-0.39799,-1.1806,2.047,1.014
1,-0.64336,-2.4269,-2.2178,-0.92002,-5.1004,1.6321,-2.5331,3.5219
1,-0.50707,6.2429,1.5007,0.61477,-2.9272,-5.1863,5.1399,0.051367
1,3,-0.88036,-1.2556,-0.89233,-4.1459,-5.5514,0.80933,7.5614
1,-1.6176,-3.2655,-0.87636,-0.1187,-2.4438,-3.0488,-2.1009,0.92527
1,1.4961,1.9151,-3,-0.99666,0.58801,-3.8804,-4.9752,0.035241
1,0.38309,-1.1285,-3,5.7369,0.51103,-2.817,1.7858,-2.8352
1,-1.1398,0.70031,1.2969,0.52658,-0.31669,-2.2135,-2.977,-1.2107
1,-0.2896,1.8978,-0.83762,-1.6983,-3.1214,3.0117,-0.8417,2.091
1,-3.7457,3.8678,-2.018,-0.26214,1.7805,0.45595,-2.7063,-3.8752
1,1.9269,-6,1.4106,0.23306,-5.769,2.6441,-2.4068,1.8607
1,1.4948,2.4761,1.9796,5.2155,5,-2.8807,6.3585,1.6791
1,-3.1705,-1.3444,-0.26831,1.8429,4.0133,-2.7263,3.0836,-1.1249
1,2.0338,4.5147,-1.3455,5.3353,2.7366,-2.5533,1.1321,1.8089
1,2.5209,3.2513,5.8816,-3.9348,0.11149,-2.8993,1.7203,-0.17225
1,-4,-4.2652,2.9343,0.82805,-3.1439,-3.4592,-5.5324,1.6293
1,3,1.2574,-3,-2.0205,-1.3441,4.1826,-4.9216,0.39451
1,-0.96827,4.3032,-3,2.26,-2.1867,2.0627,-5.8214,5.2899
1,1.255,5.7991,-0.86418,4.3034,-0.55959,0.58427,-3.8389,-8.915
1,1.8621,5.5557,-3,-0.36022,-7,-2.1538,4.2173,-2.6056
1,-4,-2.6331,-1.863,5.4632,-0.95184,3.9745,0.004604,-1.323
1,-1.3878,2.2447,-3,1.0162,2.7427,3.1414,6.2423,2.7982
